64,406434
35,742813
49,512330
41,677406
55,070602
63,150405
55,553787
56,237887
48,838974
58,244446
62,464874
40,479294
56,635245
48,827009
39,749267
44,013826
48,338188
36,352760
60,411985
58,801555
36,724140
40,615892
39,811478
47,452891
55,475231
38,135276
60,495400
56,874605
43,515119
54,267575
66,628154
25,082524
63,293889
66,479371
52,787296
54,901538
60,746130
28,684125
50,009431
42,139749
36,783018
53,065831
34,356652
71,577250
53,498323
39,780364
47,172011
33,364759
47,994514
59,871767
40,479294
42,182938
64,362832
59,088352
59,706233
24,677774
51,484464
62,407985
61,025577
46,521155
40,510788
32,294094
59,582294
29,798093
40,710647
52,195685
40,092269
53,167372
58,014544
32,726703
72,854015
50,228771
50,878524
52,623190
71,311312
55,737389
47,970875
62,109914
42,889107
55,763653
36,910814
43,294745
40,890050
52,926435
49,126764
55,435982
67,285595
51,720777
41,452903
31,072404
49,875720
44,236749
48,707466
52,547570
69,899639
57,449290
52,170614
54,914530
35,235216
59,238972
57,947047
62,536037
61,249786
55,240032
60,411985
55,488318
48,946757
42,976587
33,603929
64,522809
43,305745
43,947102
40,374437
47,382562
47,335716
46,025674
57,047918
57,234978
52,396559
37,395280
38,661327
36,655531
59,775166
36,606579
45,261022
39,480466
39,428919
35,742813
35,263813
52,120497
35,887389
45,181649
41,218614
45,716453
49,247027
57,275119
37,524550
58,461410
47,947245
70,409257
49,488170
39,925709
44,471666
54,784707
41,261143
36,871460
55,161788
48,480901
56,079495
44,606296
23,881752
32,249260
55,908258
49,766508
48,065478
45,602296
41,688118
41,271780
41,892007
59,513518
50,228771
29,781124
43,404834
50,179970
49,875720
72,221516
61,193679
54,396535
59,899387
38,498931
60,704291
44,281428
31,865460
70,393776
45,204317
54,474014
52,296054
55,776788
50,094650
31,405564
55,083622
54,448179
68,538229
55,292237
45,431435
39,842609
48,528537
38,468535
48,600054
42,910966
39,656076
55,148755
55,737389
50,216568
47,148657
54,293350
55,187860
38,569921
36,743759
30,759039
52,383988
41,378256
65,724228
45,068428
41,999595
52,749393
46,209606
32,419860
25,552828
41,645283
39,718186
54,979522
42,356006
33,355584
65,062975
43,991577
43,371787
49,174845
56,436320
40,531794
51,088178
54,914530
37,147555
42,714522
35,130496
51,920367
69,377314
58,597302
42,496988
62,593009
51,534151
29,493674
42,410191
61,446445
62,921308
56,808044
42,431878
57,825693
44,628761
52,698887
64,522809
46,950475
52,572768
53,460063
55,868794
42,921898
27,987433
41,006428
38,084959
51,920367
49,863577
40,647460
27,809031
41,516960
39,264284
74,969105
53,269049
49,754383
61,954184
66,687733
62,964219
53,078516
70,130959
45,420060
58,217366
49,948622
56,145454
59,334961
39,904922
42,703626
41,688118
53,243617
48,552368
46,083098
41,784610
39,008000
34,375384
34,403496
47,782062
44,382071
53,933285
44,147485
44,426853
68,888240
35,771696
50,350918
42,280228
54,862575
54,048837
51,174682
47,405997
47,523294
48,433297
48,433297
55,109669
51,957850
41,613176
38,549629
52,572768
47,841010
41,688118
54,293350
44,091759
56,701662
51,001777
57,368857
60,342535
53,702703
30,224485
55,829350
47,032009
36,881296
47,230432
27,817123
60,023790
48,409508
34,732643
40,752810
39,110374
39,573369
35,197111
61,053571
77,956245
42,031909
60,620673
39,738905
48,219486
35,848796
62,407985
51,063482
33,273085
70,146400
39,501098
67,585942
44,125189
51,808031
46,140571
50,155583
29,586462
47,288903
38,276412
41,112426
45,068428
45,431435
46,521155
47,335716
33,631602
60,231532
44,516511
52,032874
51,459634
56,330428
65,488575
43,924876
42,442725
39,583700
62,664275
37,614226
39,718186
50,448785
52,497199
37,029053
28,618050
31,661474
32,518914
49,560675
42,377674
41,859768
46,002719
47,335716
46,718067
42,910966
50,179970
43,371787
44,842582
36,694725
40,050584
59,334961
62,379554
42,910966
71,311312
50,927800
38,155417
53,843532
66,108442
38,428032
52,358854
61,123597
56,330428
47,994514
57,744889
34,950126
47,417717
40,071423
43,283746
74,323637
36,469755
42,878181
43,504082
69,976686
59,006310
26,230703
53,753883
55,514499
59,252678
49,705906
56,277535
35,493173
56,119064
36,042050
66,553733
55,566887
69,884237
36,841963
42,976587
54,448179
32,908134
39,697475
35,082968
58,651720
25,529933
40,626413
47,359135
40,953500
49,198897
50,657196
56,053127
53,523840
52,977094
49,198897
53,485567
40,133985
36,479516
54,203176
46,117576
36,606579
34,095144
40,092269
35,368809
50,952451
70,208186
58,001040
61,291890
32,799192
61,699946
50,058115
56,171852
45,488339
42,182938
48,779167
51,323214
39,254010
44,628761
59,458537
45,249677
47,324010
67,766604
61,235756
53,091203
38,641001
46,209606
52,383988
54,280461
51,459634
32,321016
61,996628
34,197714
51,770624
48,492807
49,985101
52,610581
60,551054
35,560264
58,556511
45,579489
62,964219
38,712173
47,511555
56,013591
34,817633
72,363488
27,873813
47,101974
44,393264
37,834062
55,422904
43,217798
49,234991
44,438053
50,927800
62,536037
36,071100
38,225965
62,464874
63,222118
51,970349
61,291890
45,000591
63,408842
62,109914
41,892007
49,247027
63,279530
57,825693
32,862711
55,606201
46,094588
47,511555
47,687850
64,697650
59,019978
61,784610
51,695866
56,648524
40,405874
25,074988
34,600724
35,502752
38,266319
73,092210
42,649180
53,218194
42,965645
44,797507
45,670766
50,338694
42,965645
52,446862
57,221603
41,892007
44,966699
58,217366
54,590379
54,151695
22,003365
36,567450
42,118165
53,587672
57,637275
32,177614
41,144262
53,753883
52,610581
50,473273
59,499769
48,231347
62,664275
61,404266
43,647720
45,374581
36,704528
38,095019
34,950126
48,290683
60,913689
71,420731
39,254010
46,014196
47,148657
37,914224
26,660591
35,330603
41,144262
43,393817
30,096128
64,232149
64,902053
24,380864
55,829350
37,584318
64,435514
67,721406
51,658516
46,799318
36,950198
48,421401
24,962127
48,803084
53,677125
22,671698
37,674093
37,108025
44,303779
60,259270
56,741539
37,355567
40,500288
56,502573
54,966519
56,317201
41,838284
62,280117
63,437603
29,738731
65,150870
40,900620
27,534861
53,129278
51,596307
56,013591
46,106081
51,434811
53,574901
60,871769
48,946757
69,132471
38,987548
52,007857
38,875194
23,852612
33,474998
42,421034
24,767329
26,897106
49,754383
47,570269
42,334345
45,385948
68,159209
28,692391
50,620374
57,704517
34,647798
46,198095
41,207987
55,357543
63,164743
56,013591
41,709547
45,283718
48,552368
46,048638
32,491879
47,888205
42,269410
44,225584
27,703980
44,662475
46,002719
50,927800
44,808773
40,207060
47,511555
38,783436
33,576272
61,095580
51,112883
40,679045
26,637019
56,105872
35,877738
46,997054
25,621597
35,235216
53,779486
70,843717
62,024936
47,852806
52,421706
37,544465
46,706468
43,614543
59,362407
41,431565
35,292427
40,416357
39,697475
70,688336
34,207049
49,439876
46,973761
49,657463
29,603354
53,332667
51,162318
30,121769
39,408313
46,324823
49,271104
41,999595
30,594536
37,009328
44,944114
50,669474
28,849772
40,964082
49,451946
33,392295
43,858247
53,843532
48,243210
66,034432
45,329133
54,538640
38,916024
52,939096
49,912162
57,368857
34,356652
66,568613
53,307214
45,636522
54,190302
38,783436
34,931177
52,749393
77,491288
70,471207
50,927800
53,715495
32,383893
43,239773
54,383629
43,162894
50,694037
47,300603
38,145346
41,935019
43,437899
52,964426
52,032874
56,039946
46,660091
37,514595
49,512330
48,183915
42,714522
44,348506
33,909199
44,628761
53,205485
51,995352
50,583571
57,061265
47,652555
44,069483
60,871769
64,508254
62,351132
32,663366
51,075829
36,743759
41,559704
56,688374
49,488170
41,059403
47,359135
29,459983
41,881258
39,801105
35,935671
43,780602
33,918480
62,450648
37,058654
40,113123
66,390215
23,620372
55,331415
46,845792
64,799794
42,118165
46,985406
40,416357
43,119007
41,070003
44,147485
46,915563
59,830353
39,408313
52,082931
35,025993
73,522350
53,689913
61,883488
26,778669
47,758497
69,361993
33,640830
35,225687
47,805635
38,054790
45,136337
61,193679
43,614543
27,478646
51,621184
66,896556
43,393817
49,307235
41,261143
43,980455
46,590587
31,352797
51,372792
60,300892
30,629117
62,422204
45,454191
33,974200
42,507846
57,409063
55,449063
50,033768
47,055322
41,367600
41,752429
35,810231
56,436320
68,827278
50,780073
49,391614
54,177431
40,542299
49,609052
60,815907
37,974422
60,829869
30,370412
56,648524
51,820505
52,724136
44,136336
46,301764
42,486131
34,197714
43,283746
57,610393
39,233468
51,286053
59,225268
62,949913
29,934083
43,173871
60,509310
53,498323
58,692558
44,080620
37,694063
38,074901
49,331333
60,885740
35,493173
54,577441
31,918823
54,486935
48,029987
38,326906
58,393548
45,249677
49,391614
48,124671
46,163575
43,902659
51,397593
37,924252
51,409997
56,277535
41,080606
48,635839
66,479371
31,308871
67,857063
45,556689
38,468535
39,842609
50,804673
53,702703
35,435737
50,387602
48,552368
45,317777
42,812665
51,559007
44,696206
47,994514
31,054937
74,516862
52,208224
59,280097
52,787296
51,895389
44,572612
41,816809
50,866210
40,416357
51,149956
43,031325
64,116145
51,509304
31,758920
46,428691
48,302556
36,557672
46,048638
43,991577
50,204367
44,662475
46,405595
37,594285
45,431435
36,352760
67,135776
47,113642
69,438620
64,887438
39,018229
38,946666
35,723567
38,539485
40,636935
49,391614
39,161630
61,968330
59,678675
48,982721
52,812575
38,681660
62,265921
56,224676
35,723567
61,039573
47,640794
55,475231
64,522809
45,034501
41,870512
50,952451
46,579010
29,891540
60,273142
61,348060
63,913493
42,834496
33,291406
43,714126
48,743308
36,119554
35,790960
41,645283
54,629206
46,025674
51,646070
45,192982
46,382507
40,363962
42,551298
54,629206
32,410866
38,803814
29,157956
50,143392
44,449256
49,271104
70,968196
38,580069
33,099386
34,751518
62,564519
43,791688
49,827161
41,752429
44,853855
47,805635
50,302034
50,009431
41,677406
47,394278
52,070414
39,048927
46,752877
20,189484
34,132417
51,038793
37,494691
62,635762
78,590418
51,347999
32,781059
40,500288
47,452891
58,082096
52,007857
27,679777
27,502729
44,359692
50,595836
30,941568
31,072404
40,837228
33,844285
69,392637
61,446445
58,298634
35,810231
41,346293
67,210656
34,085830
43,669847
29,417906
26,503712
37,385349
46,694871
27,599204
58,610903
52,258400
48,934773
53,281769
38,458406
40,510788
63,971347
19,432577
35,140007
47,148657
63,336979
60,857800
41,367600
27,599204
32,195516
50,106832
42,562166
57,047918
42,247781
55,462146
61,432383
16,871903
35,474021
30,776391
53,587672
49,572766
49,584859
45,693606
45,693606
27,286510
44,036083
43,758435
56,741539
42,910966
44,192101
39,852990
69,025545
57,368857
42,562166
64,058198
36,832134
42,692733
43,151920
36,197174
51,335605
42,377674
41,442233
41,730984
40,636935
25,507052
33,983492
39,315681
32,826404
43,459952
28,659334
53,907630
24,366083
22,664665
50,155583
41,870512
44,314958
39,552710
31,089877
50,253184
48,468997
48,743308
60,760081
48,195770
48,160211
42,323518
31,203621
48,516625
35,829510
49,234991
32,276156
63,841227
67,510766
62,536037
56,808044
35,254279
65,738977
45,647935
40,605373
50,265393
48,231347
35,589045
51,211787
64,159629
42,812665
42,976587
35,244747
53,256332
64,087167
66,553733
45,511114
51,857937
39,295116
32,935409
44,786244
34,095144
46,962117
34,384753
45,842256
61,460509
40,416357
42,812665
44,393264
43,140947
52,158081
51,459634
58,651720
47,288903
67,706345
41,006428
59,458537
27,567019
72,095484
56,145454
30,993857
40,584341
57,034573
46,394050
52,661029
40,700111
48,635839
42,758121
52,057898
42,834496
39,212934
52,799934
35,637048
47,605522
39,863373
62,124085
42,627415
32,007898
39,821853
71,124013
35,111480
42,226159
60,606745
41,688118
70,641769
54,810655
24,939597
62,464874
37,684077
48,172062
31,990069
48,231347
72,616370
50,204367
63,523942
38,175564
28,585052
48,731359
63,942416
49,997265
38,377446
65,738977
38,024638
55,566887
43,283746
34,685489
47,230432
49,198897
64,639332
61,996628
53,753883
42,161340
35,359255
54,319133
45,170318
54,564505
56,688374
56,489318
36,129250
66,777172
35,378364
51,596307
41,902757
41,080606
51,521726
58,706175
42,236969
56,701662
58,597302
43,393817
35,531500
53,958948
36,538122
50,657196
46,706468
53,638775
49,018704
63,913493
52,597975
60,467586
62,280117
55,057584
57,047918
51,870419
55,148755
24,887081
27,663649
61,559021
36,129250
61,067572
47,805635
46,694871
45,922438
34,048592
43,184850
41,474248
47,405997
70,208186
36,733948
51,187048
47,805635
40,081845
42,236969
59,692453
46,244150
46,209606
38,357224
53,843532
44,002700
36,930502
56,901244
52,926435
47,277205
40,584341
62,821262
31,467204
63,279530
44,393264
48,006336
58,502155
48,994714
29,976668
38,215881
68,538229
40,679045
62,450648
39,604370
40,689577
54,087392
37,355567
57,650719
72,584726
45,442812
42,226159
36,333287
41,335643
35,044977
44,741209
40,542299
46,718067
59,788959
34,394124
36,960048
38,519204
66,523982
36,616365
46,359428
31,785531
56,834662
44,460460
55,658650
53,728289
46,567435
52,812575
40,144419
26,542872
39,915315
54,228929
58,897045
54,357825
68,234894
58,271536
48,172062
54,151695
58,747039
58,474990
62,166612
48,089149
51,236534
61,544941
27,454579
22,294079
52,145551
44,192101
51,372792
37,604255
37,029053
22,531333
50,816976
52,964426
38,155417
39,521737
41,870512
34,789287
61,053571
64,916671
46,313292
45,385948
45,647935
22,384591
46,232633
75,050067
46,440242
42,900036
52,977094
58,068581
38,702000
64,916671
51,484464
39,254010
66,523982
33,099386
45,317777
44,853855
52,472026
65,503286
40,890050
57,771815
42,399350
60,969615
27,422511
36,071100
52,673646
37,694063
42,291047
32,690500
58,828827
57,074614
31,387968
37,534507
52,534974
35,733189
28,725475
37,774019
59,857960
36,411225
30,906743
42,323518
50,094650
55,135724
45,865155
37,764018
57,275119
44,808773
54,836610
41,613176
56,635245
26,920836
46,729669
43,813867
46,683276
46,140571
50,155583
45,968301
51,063482
53,587672
60,606745
35,445305
39,936104
57,489536
32,600114
40,405874
34,459767
36,148648
69,239514
47,959059
44,180944
42,965645
27,007971
34,151065
63,783456
50,045941
32,106079
48,755259
32,708598
45,363216
51,646070
28,585052
38,458406
36,226311
65,121562
53,129278
63,783456
28,379408
43,725200
47,982694
46,787705
48,290683
33,163307
39,418615
46,590587
54,642152
41,570394
38,691829
38,064844
38,600373
51,162318
58,271536
45,579489
47,195373
23,526469
58,978980
38,175564
39,873757
31,643779
48,922791
27,390469
29,359069
57,061265
61,348060
45,204317
69,745726
48,231347
52,799934
38,732525
39,738905
47,723164
69,469287
56,436320
46,997054
49,307235
18,272954
57,248356
62,194975
57,771815
61,390211
33,548631
51,546578
66,896556
53,651556
35,906696
70,564205
48,755259
51,088178
31,467204
40,353489
57,947047
36,616365
49,090726
36,763385
51,273670
34,253751
54,888548
31,414365
45,317777
27,023835
40,510788
43,217798
59,266386
27,647528
50,179970
63,624775
42,692733
48,600054
52,208224
58,203829
51,496883
47,488083
43,426876
43,393817
38,844592
54,293350
36,920657
41,816809
38,417911
58,285084
52,572768
58,542919
72,142728
57,947047
78,056135
49,997265
53,958948
38,681660
58,041558
52,850509
33,300569
69,961272
49,512330
35,330603
49,367495
36,071100
53,689913
46,152072
50,706322
43,570335
47,805635
35,935671
56,595420
53,460063
53,447313
41,070003
67,330587
38,044738
43,935988
52,095451
44,180944
57,409063
34,516102
44,516511
69,714973
59,458537
36,177758
52,560168
64,333775
44,359692
35,216160
32,808261
33,218165
25,226012
40,573828
31,063670
37,494691
44,572612
46,094588
28,866373
55,632422
50,730897
43,294745
37,325802
58,095613
55,579990
65,576875
50,179970
59,225268
50,620374
44,471666
49,924313
33,511800
28,858071
39,202669
64,610188
40,123553
50,302034
47,277205
51,670964
55,083622
41,978062
38,014591
46,094588
58,828827
58,597302
59,088352
64,683067
47,876403
59,541022
35,704328
36,567450
41,763154
48,065478
51,646070
42,475277
47,746717
50,240976
49,198897
41,303703
43,570335
30,629117
40,311614
43,592435
39,356832
72,300365
33,760951
30,224485
45,568088
52,787296
43,119007
29,275156
45,807922
62,507565
43,769518
46,787705
37,385349
34,893300
39,956902
39,915315
37,874128
47,923623
47,312305
62,978527
43,736277
37,147555
39,718186
56,994551
63,336979
44,898969
41,602478
40,932343
60,495400
51,199417
52,371420
38,864992
27,334457
32,889960
62,251727
38,014591
51,174682
49,802893
40,531794
54,616261
67,465689
35,140007
40,605373
47,723164
52,837862
63,884580
64,843606
38,803814
52,358854
34,179049
44,292603
43,097075
39,998519
32,627211
43,747355
79,700564
61,996628
63,595954
35,311512
33,650059
56,515831
48,898833
40,879482
41,314348
34,328567
76,830481
35,954996
63,927953
62,138259
53,766684
46,764484
64,551926
52,812575
43,880449
45,306422
48,946757
17,595498
66,836845
63,754584
52,220765
51,820505
53,856347
30,036357
59,348683
50,767776
36,577229
54,306241
37,355567
38,084959
37,644151
63,682445
47,782062
44,270255
39,161630
62,067415
56,383357
39,583700
28,338402
48,183915
41,176116
52,346290
47,417717
24,581008
53,078516
57,422470
63,870126
60,592819
67,616028
60,023790
73,044527
47,888205
54,823631
59,596056
60,537137
43,980455
40,217507
50,021598
51,323214
46,822551
61,559021
39,470153
39,511416
46,718067
59,129404
48,183915
40,186172
48,480901
43,691982
34,855453
50,927800
59,486023
53,243617
54,332028
52,007857
46,950475
48,815045
28,700660
37,315883
43,305745
62,422204
68,812044
44,516511
48,006336
34,581906
48,958743
68,995016
61,812850
54,035989
33,373936
69,915044
45,830809
37,874128
80,685295
39,212934
49,936467
48,731359
49,006708
71,452015
63,007150
56,621968
41,849025
52,321168
37,167331
53,269049
48,302556
58,149703
61,685843
52,333728
62,322719
28,766866
48,373839
59,775166
40,447817
53,728289
38,468535
40,710647
61,996628
47,008704
49,150800
71,326936
45,295069
47,841010
33,835019
59,334961
41,165496
60,176085
28,011821
54,332028
42,172138
60,648537
48,373839
50,485520
35,935671
54,306241
58,095613
53,881984
53,307214
39,192407
42,053462
47,664318
38,215881
51,608745
57,208229
33,567057
46,267189
29,443147
45,888063
63,696868
56,132258
46,428691
44,718704
40,563316
69,530651
33,677758
43,858247
45,102374
54,100249
51,708321
46,799318
57,422470
39,521737
59,527269
47,734940
45,659350
57,462703
34,394124
62,821262
49,018704
57,798750
58,041558
68,781582
58,692558
34,751518
55,044568
56,887923
32,817332
56,714952
44,977994
47,994514
31,608409
51,857937
62,265921
29,696380
58,203829
48,874883
47,488083
23,779870
31,203621
42,998476
37,704051
45,602296
50,375372
58,665331
49,997265
38,763066
59,885576
35,474021
58,447834
41,282419
32,726703
28,445102
42,703626
61,488644
43,902659
46,799318
39,439225
35,771696
63,222118
67,285595
40,165292
65,356283
33,181586
41,197361
31,617249
48,755259
43,880449
44,572612
45,113693
47,511555
44,169789
38,125209
53,421821
39,852990
53,294490
60,592819
59,129404
53,946115
26,881293
54,023143
41,335643
64,814396
35,646654
40,795004
53,689913
61,911760
46,567435
31,229911
58,760665
36,430728
39,801105
39,988112
56,794739
41,677406
53,015112
58,122654
44,359692
45,272369
65,621056
70,564205
35,168551
41,849025
49,234991
54,836610
62,806979
24,417843
47,770278
65,916137
31,714601
53,472814
35,569856
33,493396
54,254691
55,331415
56,901244
59,088352
40,932343
27,286510
40,816112
46,060122
22,426451
31,555406
47,923623
51,895389
51,733236
44,136336
57,208229
39,749267
56,675089
44,842582
59,431060
52,686265
53,154672
36,430728
38,195719
49,222958
49,018704
65,488575
37,514595
36,255464
37,177221
51,720777
44,797507
34,469152
24,314398
31,785531
67,031043
37,177221
49,778634
59,362407
59,554777
59,252678
53,946115
51,845458
43,119007
58,339298
45,261022
39,769996
34,600724
39,346541
56,914567
48,970731
66,078831
46,962117
56,754836
35,426170
48,850942
27,047642
34,123096
52,799934
45,705028
42,954705
28,502671
37,236604
57,342064
48,946757
45,865155
40,479294
56,728245
44,944114
49,210926
61,897623
55,200900
52,170614
47,242122
44,192101
55,619310
44,158636
49,259064
70,270011
44,438053
29,951112
45,454191
44,404458
68,599010
29,434732
63,696868
49,367495
42,258594
43,559288
43,250763
50,694037
49,657463
33,373936
57,101320
41,773881
35,877738
60,176085
48,041815
34,581906
32,195516
39,428919
44,774982
57,947047
80,651195
43,680914
53,869165
45,261022
37,216803
35,637048
39,988112
58,978980
47,593769
33,465802
44,024953
50,302034
78,156117
55,855644
37,584318
56,621968
40,489790
52,383988
57,610393
49,114749
49,198897
46,903929
62,010781
40,521290
48,886857
46,152072
55,987245
54,875560
50,829282
33,844285
35,054472
75,863097
60,231532
45,613703
60,259270
38,195719
62,393768
24,558714
45,796481
36,655531
47,511555
45,454191
60,398091
48,982721
45,625111
44,047214
34,610135
50,058115
50,940124
43,239773
31,901028
41,091211
55,566887
46,129072
39,790733
44,326139
49,705906
48,231347
53,741085
54,048837
63,064424
36,792838
54,023143
51,162318
37,734026
44,628761
58,774293
25,591017
37,048785
52,497199
72,521466
46,278712
42,638296
47,734940
59,102034
59,706233
45,499726
59,444798
48,266942
47,617277
51,534151
32,744815
47,523294
73,890178
59,609821
40,932343
41,677406
32,123953
38,044738
36,129250
63,336979
33,035550
55,684888
74,259307
32,935409
34,770399
33,438224
63,380090
26,723521
64,785195
33,686995
56,555616
45,408687
47,947245
37,325802
49,355439
50,767776
26,277367
54,966519
55,619310
46,752877
48,516625
52,875809
63,740151
45,170318
43,747355
46,694871
66,330824
58,028050
66,971247
48,791125
41,913509
55,370611
48,958743
49,174845
58,217366
53,180074
49,778634
43,725200
29,401087
35,839152
56,927892
36,401476
57,154757
47,982694
27,881919
26,810217
40,019339
61,784610
49,114749
44,281428
55,057584
49,307235
43,603488
50,350918
62,978527
47,476351
42,107377
39,759630
69,346675
46,648502
63,639189
34,789287
56,370121
35,646654
55,855644
36,381984
45,295069
33,090261
41,080606
55,514499
53,002437
71,906729
42,616535
55,803064
73,267237
68,462306
43,869347
44,292603
55,671768
47,888205
40,207060
49,912162
48,779167
48,065478
37,127786
65,282868
49,572766
45,011892
37,844076
40,322080
47,066982
51,995352
34,817633
62,379554
55,960907
45,329133
41,720265
44,024953
43,009424
57,583521
49,524413
51,882903
54,409443
63,179083
47,629034
60,760081
28,708930
62,223346
46,278712
33,254771
35,877738
40,269770
28,420455
42,399350
43,570335
46,985406
48,290683
58,149703
54,113107
58,801555
60,370309
44,281428
61,685843
35,935671
56,741539
32,097145
43,647720
48,148362
39,988112
39,459841
55,789925
40,805557
29,468403
41,314348
27,174859
51,608745
51,409997
41,059403
28,289248
75,244628
60,606745
56,370121
55,266130
44,203260
43,075150
76,830481
49,790763
33,245617
45,340492
55,514499
37,654130
47,043665
36,197174
48,266942
56,608693
43,086111
56,861288
36,999469
58,176762
62,039093
63,423221
49,900013
51,063482
22,183023
44,348506
52,233308
27,687843
53,562133
43,173871
41,773881
50,878524
42,486131
34,319209
62,407985
45,853705
62,180792
65,960480
59,996129
59,940835
51,559007
58,678943
40,416357
26,676314
56,608693
63,668024
45,136337
57,516378
61,404266
47,947245
33,955619
60,829869
43,980455
51,995352
48,385726
48,504715
48,385726
56,568882
44,382071
47,347424
45,170318
39,894532
28,461542
62,479102
49,693792
27,031769
58,190294
45,249677
48,397616
49,126764
44,831310
57,974039
55,226985
50,792372
47,499818
31,028750
52,825217
53,689913
31,159840
54,435265
32,132892
49,090726
34,216386
40,019339
46,509590
65,194848
44,944114
44,538945
42,878181
50,070291
47,078644
61,039573
54,203176
41,859768
58,230905
37,256413
52,825217
70,968196
47,593769
61,911760
52,133023
66,241808
51,646070
53,549366
50,277605
61,390211
35,945333
55,501408
52,762025
51,360394
44,561388
52,371420
62,265921
65,694739
60,079138
68,553420
44,729956
27,382462
54,461096
60,162229
46,152072
38,875194
45,397317
30,802431
44,989292
34,263097
58,897045
48,600054
49,887865
46,428691
41,186738
58,203829
51,211787
52,095451
54,074538
34,553694
47,593769
41,442233
71,295690
54,138830
50,915478
51,920367
37,704051
59,170475
39,977707
45,773606
49,778634
32,186564
47,923623
57,529802
76,042798
46,094588
38,549629
51,571439
61,883488
32,753873
38,661327
41,784610
47,417717
31,520105
43,151920
53,294490
45,079741
42,236969
45,079741
47,452891
50,608104
51,286053
45,785043
53,180074
35,637048
42,280228
36,080788
40,008928
42,464424
53,307214
46,474907
33,862823
52,333728
65,019059
37,844076
40,847788
48,468997
69,545998
50,021598
29,815068
45,215654
45,807922
38,661327
48,850942
59,913201
35,868088
54,486935
54,629206
55,658650
46,232633
50,534528
45,034501
47,617277
27,833312
52,572768
37,604255
48,433297
65,901361
55,057584
55,776788
34,403496
38,407792
46,428691
52,120497
45,865155
56,303977
36,032370
42,442725
52,837862
43,725200
43,924876
33,199872
36,655531
55,974075
27,382462
54,280461
30,173097
39,967303
31,520105
49,138781
45,476954
36,733948
41,784610
36,989611
60,245400
57,181488
38,347116
42,834496
53,881984
42,280228
50,021598
67,240624
29,107827
44,808773
34,347289
31,520105
32,545965
47,758497
45,762171
69,132471
54,745803
47,405997
38,803814
37,365493
54,409443
38,438155
52,623190
63,711294
52,321168
48,053646
37,624199
42,312693
53,027788
67,090876
45,830809
25,203319
35,569856
34,657218
46,985406
26,849688
18,055242
47,911815
35,007015
61,207703
48,504715
49,790763
31,020024
44,853855
42,475277
46,729669
57,128034
43,691982
32,663366
37,187114
48,457095
54,151695
63,581547
39,008000
58,163231
40,911193
28,379408
38,946666
61,446445
61,235756
32,428857
42,954705
44,516511
59,417325
71,108420
60,843833
46,359428
28,313818
63,826781
58,665331
34,384753
62,493333
27,631413
69,484625
24,329158
55,881947
45,910978
38,367334
51,857937
47,347424
43,847149
63,740151
65,945697
38,722348
58,951660
52,170614
60,704291
42,107377
63,826781
37,734026
51,857937
73,618180
58,706175
39,697475
50,033768
38,854791
51,945354
44,516511
33,705473
60,300892
47,347424
47,324010
53,869165
23,663799
54,113107
32,889960
55,057584
30,310265
54,836610
43,647720
61,883488
39,998519
55,553787
36,910814
36,626154
50,546786
32,070353
40,248859
65,738977
74,050509
69,945860
43,393817
25,415670
64,843606
56,542352
69,653494
32,007898
46,602166
56,914567
53,766684
30,733024
37,395280
64,246660
49,645357
43,636659
49,766508
66,509109
62,194975
46,764484
72,727203
79,649863
43,493047
44,527727
32,536946
24,595878
33,788713
73,874158
42,356006
28,199286
57,771815
43,947102
66,093635
48,457095
66,197331
45,842256
33,227314
36,645737
50,167776
38,559774
28,412242
40,721185
51,409997
52,534974
32,926316
35,839152
26,456773
39,728544
27,526826
74,404104
65,768480
61,123597
61,728158
35,292427
36,724140
54,862575
51,014114
51,038793
49,936467
58,041558
40,248859
40,227956
54,940520
41,070003
35,617841
38,215881
34,732643
36,362500
40,668515
58,719794
40,175731
54,577441
41,442233
49,247027
35,178069
35,781327
41,207987
51,472048
39,936104
50,780073
34,029983
45,579489
50,546786
26,881293
47,195373
58,325741
33,862823
48,731359
55,776788
48,731359
73,267237
34,422246
55,566887
39,018229
49,839297
47,852806
31,901028
62,336924
32,043576
42,236969
45,670766
41,709547
62,821262
47,405997
57,744889
47,746717
52,711510
41,059403
54,836610
64,174129
54,551571
52,358854
63,107404
24,529011
35,916353
29,721786
38,742703
42,334345
57,154757
49,355439
62,294315
28,215628
58,665331
35,007015
84,323036
33,872095
51,137597
33,946332
32,564008
53,523840
43,493047
62,521800
49,259064
56,887923
51,038793
54,706918
40,626413
52,901118
41,978062
47,758497
47,288903
29,823558
43,075150
47,982694
61,319970
49,621152
33,974200
49,827161
58,815190
45,420060
37,614226
44,831310
44,887688
25,233580
20,066277
53,281769
48,934773
38,215881
47,020355
49,512330
61,841098
51,995352
48,791125
32,799192
34,347289
50,424306
43,108040
56,476065
29,934083
48,457095
71,046074
60,523222
41,763154
37,604255
59,472279
51,509304
31,892134
43,703053
47,699620
49,162821
49,766508
44,718704
42,660065
61,869356
58,285084
33,447415
55,881947
59,060996
30,379011
35,235216
49,596955
28,486215
72,001063
63,581547
59,802755
59,348683
56,000417
65,857046
41,378256
35,848796
43,493047
44,932825
64,712235
49,766508
38,885399
27,502729
44,404458
54,862575
35,646654
39,202669
64,232149
44,628761
40,573828
34,902767
24,954615
24,027816
49,066710
57,920064
42,790842
38,438155
35,321057
54,332028
51,571439
45,261022
51,832980
39,377419
58,001040
44,932825
46,869041
62,194975
41,806074
51,298438
47,817425
47,664318
65,871816
59,802755
60,955630
34,281794
40,144419
55,409827
59,444798
40,932343
48,290683
36,950198
41,356945
23,146275
49,875720
33,181586
26,621312
43,592435
42,258594
63,078749
70,952628
52,070414
38,651163
53,792291
39,120621
56,861288
63,451987
73,874158
41,698832
40,763356
50,866210
60,245400
44,203260
55,422904
44,955406
46,544291
50,669474
41,091211
30,036357
49,464019
66,747350
63,107404
51,286053
40,259313
32,258223
49,863577
49,210926
47,876403
50,989442
63,107404
58,978980
45,442812
34,141740
48,576207
29,191409
54,344925
48,707466
46,602166
43,691982
22,468364
47,382562
45,762171
50,082469
52,383988
57,395659
40,816112
25,392860
52,623190
55,409827
62,393768
46,903929
56,066310
39,398013
47,078644
61,390211
35,752439
53,218194
49,730141
39,470153
41,218614
62,692798
51,199417
38,569921
48,719411
77,325710
48,683583
41,849025
52,421706
36,979755
48,946757
41,655989
45,488339
29,233262
32,953601
73,874158
44,966699
43,404834
58,474990
53,040467
25,241149
49,802893
41,806074
40,953500
52,951760
47,452891
33,909199
40,019339
45,647935
50,473273
44,147485
66,583495
38,559774
51,982850
29,527392
59,927016
38,875194
52,939096
52,698887
48,767212
59,982302
29,191409
44,606296
47,805635
50,595836
52,547570
42,692733
44,449256
59,060996
40,985251
48,779167
45,625111
65,532714
70,146400
36,694725
61,841098
46,152072
53,498323
57,355459
45,693606
62,749870
36,635944
59,225268
34,441003
30,845865
56,502573
39,501098
38,326906
60,801947
45,204317
47,230432
28,750305
35,531500
32,258223
25,400461
43,824959
43,448925
48,838974
61,883488
49,006708
29,107827
46,221118
51,970349
47,078644
62,053253
74,969105
35,368809
55,422904
34,095144
62,650018
52,610581
42,551298
39,059164
33,337238
51,112883
69,224215
63,265174
48,006336
55,987245
49,006708
50,106832
32,464859
45,397317
45,192982
56,502573
62,921308
47,499818
36,051732
42,910966
50,977110
33,181586
55,763653
44,314958
69,607410
50,964779
55,135724
28,028089
54,035989
51,608745
49,307235
20,457104
33,337238
66,717537
38,641001
55,462146
51,571439
39,408313
55,776788
43,736277
71,124013
28,941158
50,890840
64,712235
59,775166
41,017019
29,183043
25,591017
54,953519
37,296053
45,374581
23,025223
45,397317
68,690253
53,294490
68,008017
31,511284
60,245400
38,478665
43,913767
63,351347
47,523294
57,987539
35,101974
62,053253
55,724260
24,932090
47,782062
39,697475
69,147756
52,901118
47,043665
60,231532
48,006336
48,970731
67,826900
59,527269
67,225639
42,889107
51,521726
47,523294
51,970349
44,482875
44,494085
54,461096
32,618177
41,271780
72,095484
26,160814
47,101974
64,975165
61,263818
52,875809
49,234991
73,299092
61,897623
25,967351
50,718608
41,698832
20,516171
41,484923
47,652555
40,679045
52,939096
57,074614
49,427807
36,119554
55,057584
71,342562
30,490953
46,060122
46,474907
48,041815
52,270949
51,347999
56,092683
52,371420
58,068581
37,405213
46,532722
63,797895
29,611803
50,915478
58,149703
45,011892
30,465095
53,625996
53,307214
55,422904
46,290237
56,661805
50,694037
70,254551
41,634579
30,932860
30,646418
40,647460
43,064191
59,129404
35,178069
52,396559
24,969640
42,638296
29,883037
42,486131
31,856572
46,002719
68,933987
38,428032
51,932859
56,754836
57,007890
52,120497
49,936467
31,291312
55,266130
29,976668
48,457095
77,956245
63,509546
47,090308
50,816976
55,960907
51,521726
46,544291
39,192407
49,247027
54,035989
29,443147
48,136516
63,567142
29,275156
48,540452
32,285124
42,280228
35,742813
44,572612
34,095144
51,310825
47,793847
61,798729
32,999111
66,434782
38,671492
54,655101
44,449256
45,613703
48,148362
68,568614
55,829350
55,449063
40,900620
41,988828
49,114749
34,931177
56,370121
35,868088
66,123251
65,665259
44,080620
26,488059
90,032955
50,989442
82,784773
30,430641
76,435920
45,705028
52,825217
37,604255
38,549629
27,486672
41,070003
63,365717
41,250508
59,596056
44,370881
44,707454
34,356652
43,991577
56,661805
41,420900
62,237535
50,228771
49,863577
37,355567
55,632422
52,283501
38,397675
39,459841
50,534528
34,422246
58,407116
48,779167
50,977110
48,910811
36,003341
54,732839
50,706322
68,735906
59,830353
63,423221
61,742268
23,003906
40,248859
70,223639
51,199417
55,974075
66,807004
40,029752
54,010300
34,366017
55,135724
52,158081
53,358129
38,895606
44,348506
46,417142
65,194848
46,869041
49,875720
41,038207
50,143392
30,207348
42,954705
65,532714
43,935988
55,829350
37,019190
50,853899
61,249786
40,154854
46,428691
44,989292
31,634934
54,499858
50,767776
45,442812
37,604255
54,629206
50,657196
37,914224
46,244150
31,361587
19,917819
35,926011
52,661029
62,521800
43,614543
63,624775
50,866210
39,315681
51,187048
37,914224
49,548585
60,969615
56,423076
35,063969
30,715689
57,114676
42,638296
54,280461
57,395659
52,774659
45,876608
57,288503
37,098147
46,060122
47,452891
49,681680
42,182938
36,003341
58,095613
50,853899
38,661327
59,184170
38,559774
45,306422
33,438224
34,997529
32,168667
50,424306
66,911489
36,518580
41,688118
61,235756
57,128034
28,158460
68,356114
49,536498
50,546786
32,007898
59,830353
35,244747
58,203829
37,924252
53,638775
62,407985
55,266130
36,655531
29,333877
54,010300
43,393817
48,755259
45,215654
51,995352
44,180944
49,102737
57,529802
59,513518
38,539485
59,706233
63,193426
49,851436
44,944114
65,444456
42,736318
57,114676
40,721185
51,496883
46,106081
56,621968
58,339298
32,536946
54,979522
68,995016
49,259064
33,309734
47,160333
61,587188
49,766508
48,219486
43,836053
51,882903
47,793847
70,177288
31,555406
64,610188
43,097075
67,285595
56,079495
39,274559
58,515740
49,681680
60,648537
55,488318
24,093744
35,848796
57,168122
52,346290
41,623876
28,651074
37,236604
69,423290
49,536498
47,605522
51,608745
46,590587
73,650143
48,006336
55,109669
61,249786
56,582150
49,439876
49,766508
38,864992
34,827085
52,484612
46,532722
48,243210
69,361993
44,898969
55,135724
45,045808
43,371787
37,974422
31,537752
42,769026
64,989794
46,244150
58,041558
57,583521
47,617277
49,234991
59,266386
53,065831
54,525710
39,666423
67,525797
58,244446
33,659291
48,743308
42,562166
55,987245
50,866210
40,081845
55,070602
32,043576
60,857800
30,516826
28,003690
52,560168
36,851793
43,437899
69,484625
60,453682
33,974200
50,363144
52,863158
34,988045
34,827085
49,912162
28,395822
68,705468
40,911193
38,195719
26,269585
58,815190
40,154854
58,883397
48,552368
59,266386
38,225965
37,108025
38,135276
48,874883
27,817123
48,148362
24,752387
56,927892
38,185640
42,388511
52,007857
52,195685
53,933285
45,374581
33,788713
26,857587
37,038918
37,764018
32,971800
44,921538
55,829350
63,942416
45,910978
28,191118
71,436372
28,800009
38,793624
43,108040
50,534528
37,624199
59,968477
28,618050
49,572766
52,258400
43,736277
44,247916
53,103893
39,212934
23,983932
50,424306
56,542352
54,888548
52,939096
27,007971
43,349765
28,477989
55,658650
43,020373
41,006428
24,167142
70,053793
54,810655
41,133648
42,540432
50,559045
55,816206
35,656262
54,190302
22,349749
44,876408
55,279183
44,707454
41,581087
46,555862
38,145346
38,185640
33,576272
46,002719
55,803064
44,595066
56,901244
53,702703
53,792291
30,663726
57,974039
58,136177
39,325966
50,853899
39,635388
40,437329
42,801752
33,992787
49,283146
21,032967
56,145454
38,610527
37,634174
36,812482
54,862575
63,451987
57,974039
38,559774
33,484196
42,453574
30,559981
41,442233
39,894532
48,053646
55,816206
46,324823
31,981157
57,933555
36,567450
37,296053
49,596955
51,224159
42,280228
68,538229
69,392637
37,068524
48,409508
47,829216
46,509590
50,620374
35,790960
31,431971
35,694711
31,440777
39,008000
62,393768
48,755259
67,826900
53,218194
33,539421
38,236051
42,779933
72,790589
37,694063
56,264317
36,226311
26,550709
45,830809
66,807004
45,705028
38,125209
35,569856
46,973761
32,159720
34,291145
61,925899
76,140944
69,208919
57,449290
51,670964
43,031325
36,626154
49,391614
28,076929
41,967298
54,409443
55,109669
57,328670
36,245745
44,763723
58,556511
64,391898
70,797078
62,365341
30,413424
51,088178
33,909199
30,898041
34,179049
52,610581
54,525710
71,875304
38,115144
65,224179
75,228401
44,393264
62,536037
53,409079
36,080788
31,264987
50,694037
42,987531
58,136177
27,143016
53,549366
51,125239
57,194858
34,281794
43,470982
29,883037
56,317201
49,827161
48,743308
48,219486
43,042278
41,006428
35,159035
61,573104
38,074901
51,125239
45,705028
50,644920
46,671682
38,468535
38,803814
39,645731
26,968340
53,638775
44,550165
36,323552
42,878181
40,773903
32,294094
42,075022
71,843889
55,619310
66,971247
