0,000161	37,627920
0,000514	36,837235
0,021575	37,407565
0,000221	38,833390
0,005246	40,557342
0,006717	42,631269
0,020837	43,331219
0,000875	47,258719
0,001723	50,447381
0,019600	53,584196
0,000169	56,098832
0,000276	55,943288
0,000286	56,500656
0,010202	55,930326
0,004280	57,330227
0,004132	60,259649
0,005902	62,152107
0,028332	65,729631
0,050521	69,501586
0,040095	73,947568
0,029823	77,810257
0,189888	81,219276
0,340222	87,376248
0,422737	91,355597
0,812722	95,425680
1,267407	101,141944
1,316418	105,302762
0,629313	110,941255
0,786735	114,998378
0,524729	120,403555
0,731453	125,005085
0,717211	128,258562
0,624221	135,569164
0,289198	140,261431
1,034883	146,172133
0,859178	153,741981
0,927148	159,626762
0,810186	167,041070
1,087375	169,983462
0,876770	174,403531
0,941848	176,438578
0,476186	177,410735
1,331112	179,484668
0,377758	178,758791
0,379393	180,353128
0,472468	180,197583
1,115732	180,042038
1,868519	181,169739
0,850460	179,834644
1,271816	181,299360
0,940003	180,573483
1,441489	180,547559
0,972597	181,312322
0,689986	179,938341
1,518855	181,286398
0,613391	180,482749
1,102512	180,664218
2,794362	181,299360
0,879427	179,964265
1,205564	181,791919
0,398765	180,340166
1,294002	180,858649
0,701579	181,299360
1,329978	180,093886
1,030010	181,493791
2,423438	180,275355
0,655132	181,040118
1,447446	181,260474
0,746663	180,223507
0,980140	181,623412
1,669269	180,314242
1,039769	181,273436
0,938160	181,247512
0,718786	180,482749
1,511498	181,791919
1,858785	180,456825
0,321535	181,571564
1,879681	181,338246
1,342482	180,858649
0,917121	181,999313
1,616473	180,664218
1,194905	181,882654
1,069375	181,390095
1,708555	181,143815
1,938952	182,090047
1,460602	180,625332
1,423709	182,038199
1,973327	181,260474
0,705468	181,506754
0,624221	182,012275
1,155956	180,651256
4,005274	182,103010
0,794229	181,104929
0,870589	181,597488
0,864433	182,051161
1,309669	180,793839
0,448107	182,284479
2,360219	181,117891
1,013545	181,714147
0,210100	182,051161
1,263006	180,910498
2,444741	182,362251
1,361945	181,130853
1,698024	181,753033
0,368568	182,115972
0,934481	181,221588
0,781762	182,569645
1,021274	181,286398
0,556789	182,310403
1,335653	182,271517
0,540622	181,545640
1,019338	182,712228
1,008732	181,428981
0,476807	182,517796
3,091130	182,180782
0,677744	181,740071
1,591091	182,686304
1,117774	181,377133
3,478116	182,660379
0,476186	182,103010
0,771051	182,103010
2,332985	182,958507
2,913757	181,493791
2,329793	183,062204
2,149286	181,519716
0,854813	182,414100
0,725895	183,010356
0,945544	181,675261
0,653640	183,191825
1,717802	182,090047
1,589828	182,932583
1,447446	183,010356
4,277407	181,804882
1,065399	183,321446
2,805087	182,077085
1,049583	182,919621
1,164312	183,036280
0,557468	182,025237
0,884755	183,386256
1,393204	182,077085
1,109619	183,023318
1,791516	182,997394
0,427977	182,193744
1,753753	183,878816
1,027093	182,051161
2,390889	183,269597
1,671871	182,997394
2,805087	182,504834
1,810581	183,852891
2,633094	182,180782
3,049469	183,425143
2,650335	182,880735
0,951104	182,673341
0,839206	183,606612
1,971888	182,180782
0,860053	183,554763
3,362610	182,751114
1,907765	182,815924
2,714735	183,580688
1,308546	182,219668
0,738635	183,658460
3,680372	182,673341
1,160129	183,036280
1,729735	183,554763
2,757024	182,310403
1,417812	183,762157
1,133161	182,634455
0,831466	183,295522
3,742247	183,593650
3,635972	182,491872
3,304782	183,930664
1,074357	182,647417
2,787226	183,580688
9,213222	183,671422
4,527059	182,815924
4,828586	184,151019
4,668858	182,790000
1,427254	183,878816
3,712295	183,749195
6,335747	183,101090
1,413104	184,345451
2,402250	182,932583
3,290919	184,202868
2,976485	183,749195
5,147931	183,425143
3,123565	184,397299
10,181932	182,945545
5,477797	184,306565
3,857022	182,893697
2,624500	183,632536
1,499285	184,410261
2,131123	183,101090
2,748181	184,488034
3,920756	183,684384
2,974628	183,904740
5,043482	184,488034
2,796148	183,191825
8,221581	184,604693
2,024124	183,528839
6,923644	184,125095
4,723377	184,526920
6,828556	183,412180
2,173652	184,786162
16,461135	183,671422
11,312349	184,358413
3,822142	184,539882
4,671327	183,502915
9,492429	184,941707
1,532399	183,593650
5,363676	184,643579
6,778192	184,513958
6,320731	183,736233
4,079602	185,006517
1,934681	183,593650
11,290367	184,812086
4,102297	184,449148
7,808221	183,917702
8,104570	185,019479
4,963476	183,567725
8,498908	184,863934
4,018724	184,371375
19,995182	184,112133
3,235829	185,006517
9,457227	183,632536
11,338764	184,669503
11,391719	184,241754
3,682494	184,319527
5,996200	185,058366
8,289451	183,464029
2,428344	185,110214
5,267086	183,995474
22,489340	184,539882
6,453663	185,110214
11,957720	183,826967
5,317924	185,304645
25,324513	184,138057
22,440416	184,941707
19,249559	185,421304
19,802157	184,163982
7,412041	185,654622
3,451556	184,475072
3,286964	185,265759
10,895249	185,330570
16,410269	184,475072
11,146000	185,693508
5,507942	184,332489
8,939489	185,395380
6,399065	185,226873
18,412976	184,513958
24,685229	185,641660
11,649988	184,280640
24,633081	185,486115
10,260070	185,097252
20,195983	184,565806
6,148234	185,758319
16,168708	184,319527
10,985600	185,719432
4,927613	185,045404
23,940104	184,889859
11,812238	185,797205
20,059807	184,358413
33,502597	185,719432
15,135387	184,967631
21,173606	185,265759
23,181961	185,849053
14,549766	184,617655
16,563186	186,082371
22,862137	185,032442
9,845213	185,563887
15,879811	186,056447
47,782062	184,838010
9,075675	186,302726
44,910252	185,084290
15,323280	185,991636
13,657747	186,056447
15,984962	185,058366
26,629165	186,471233
12,387304	184,993555
20,040405	186,121257
17,365696	186,095333
39,790733	185,252797
21,409427	186,652703
34,235065	185,071328
46,474907	186,263840
20,608285	185,952750
48,338188	185,550925
27,776678	186,549006
26,013692	185,110214
27,881919	186,445309
44,516511	185,836091
13,717708	185,693508
39,542384	186,587892
35,887389	185,149100
32,899046	186,536044
14,701267	185,797205
25,029802	185,913864
17,672554	186,600854
27,310476	185,200949
25,882539	186,704551
47,593769	185,693508
21,824703	186,147181
72,363488	186,665665
29,730258	185,537963
19,375652	186,989717
38,559774	185,862015
30,741694	186,445309
12,636669	186,898982
25,453719	185,797205
19,426246	187,054528
18,419080	185,926826
23,382501	186,847134
42,551298	186,886020
20,457104	186,017560
47,300603	187,352656
36,910814	185,965712
70,999340	187,041565
26,230703	186,860096
26,857587	186,237916
21,006252	187,430428
33,983492	185,939788
51,472048	187,197111
46,290237	186,756399
43,669847	186,367537
23,642079	187,326731
25,090062	185,926826
45,295069	187,326731
29,426318	186,691589
42,323518	186,587892
23,663799	187,378580
56,874605	186,289764
59,444798	187,404504
48,195770	186,523082
62,536037	186,717513
46,602166	187,417466
46,451795	186,211992
42,150543	187,560049
50,977110	186,561968
69,868838	187,002679
53,192779	187,313769
78,808210	186,263840
23,153409	187,728556
36,969901	186,561968
25,667514	187,287845
51,571439	187,547087
80,941365	186,497158
81,386587	187,922988
55,018543	186,574930
34,048592	187,378580
38,135276	187,456352
57,261736	186,743437
76,419511	188,039646
63,812337	186,497158
78,925660	187,819291
51,932859	187,378580
35,101974	186,950831
53,536602	188,065571
38,407792	186,561968
42,431878	187,922988
49,319283	187,326731
24,864597	187,158224
43,980455	188,039646
83,813884	186,639741
33,899920	188,039646
54,642152	187,184148
28,036225	187,287845
55,292237	188,052609
67,932510	186,756399
64,829000	188,117419
70,999340	187,158224
79,396701	187,624860
78,875309	188,143343
56,330428	186,886020
89,701577	188,402585
67,360593	187,171186
31,617249	187,935950
58,815190	188,182229
51,658516	187,119338
52,711510	188,558130
65,180186	187,261921
83,743829	188,324812
74,484633	188,260002
73,618180	187,352656
63,523942	188,713675
81,266549	187,326731
66,896556	188,402585
52,107973	188,182229
26,550709	187,585973
61,671743	188,726637
91,479003	187,326731
60,106826	188,622941
55,684888	188,104457
86,220660	187,819291
81,575472	188,908107
71,812483	187,352656
83,272039	188,804410
85,561075	188,104457
99,670169	188,078533
60,857800	188,921069
67,195675	187,521163
77,209955	188,946993
80,753524	188,195192
82,074935	188,324812
61,643549	189,180311
63,538339	187,624860
59,458537	189,154386
76,814012	188,026684
87,478402	188,609978
46,347891	189,063652
63,293889	187,910026
49,283146	189,348818
93,660012	188,195192
41,038207	188,959955
55,435982	189,089576
100,106876	188,104457
76,059150	189,543249
65,136215	188,195192
75,781515	189,271045
68,751129	189,167348
74,082605	188,415547
94,172925	189,685832
71,561587	188,285926
121,302000	189,426590
82,074935	189,115500
62,450648	188,584054
94,726057	189,750643
61,742268	188,311850
49,596955	189,608060
100,684619	189,037728
49,331333	188,921069
37,824050	189,841377
84,657808	188,389623
76,814012	189,893226
66,687733	188,998841
74,920558	189,180311
44,125189	189,880264
69,453952	188,545168
54,306241	190,528368
37,286140	189,037728
60,134523	189,504363
64,159629	189,854339
77,011803	188,687751
87,948869	190,165430
116,557680	188,946993
78,039481	189,672870
92,922655	189,945074
66,286305	188,882182
80,140934	190,489482
45,716453	188,998841
69,622769	189,945074
67,857063	189,932112
53,600444	189,011803
47,582018	190,320975
78,006179	188,959955
66,523982	190,035809
76,370300	189,893226
72,142728	189,141424
85,472218	190,372823
85,436694	188,895145
50,510020	190,126543
55,305294	189,685832
109,830284	189,413628
82,403344	190,385785
80,565992	188,934031
85,881505	190,372823
58,692558	189,646946
89,903983	189,633984
45,727880	190,424671
60,801947	189,128462
32,482870	190,528368
32,321016	189,595097
47,782062	189,906188
53,370863	190,541330
34,487926	189,284007
48,707466	190,657989
62,053253	189,672870
38,246138	190,295050
41,048804	190,657989
27,752431	189,504363
39,418615	190,956117
46,776094	189,672870
46,037155	190,554292
36,743759	190,606141
66,896556	189,621022
81,180884	190,943155
55,057584	189,646946
71,592915	190,657989
59,143092	190,554292
46,359428	189,802491
68,204613	191,163511
55,200900	189,543249
31,945527	190,917231
47,032009	190,450596
98,250447	190,048771
32,853632	191,163511
47,923623	189,633984
41,741706	190,969079
36,168053	190,437634
88,803891	190,320975
69,592053	191,072776
14,627997	189,802491
58,474990	191,267207
72,854015	190,463558
38,428032	190,657989
61,911760	191,357942
50,743188	190,009884
36,284634	191,474601
47,558522	190,424671
40,280228	190,891307
45,922438	191,396828
70,100085	190,139505
44,449256	191,565336
82,784773	190,450596
33,484196	191,111662
43,097075	191,357942
26,660591	190,282088
70,424741	191,707919
40,615892	190,761686
19,642274	191,344980
21,845267	191,370904
16,483776	190,515406
20,912928	191,837540
39,563038	190,670951
40,489790	191,526449
49,681680	191,344980
51,385191	190,787610
18,169925	191,967161
47,382562	190,580217
23,267762	191,824577
20,753604	191,370904
28,060642	191,383866
47,476351	192,031971
12,679345	190,709837
47,841010	191,980123
16,860401	191,293132
17,821380	191,189435
20,033940	191,915312
45,045808	190,683913
23,962011	192,161592
55,934578	191,332018
25,135323	191,565336
14,255055	192,200478
20,952889	190,865383
25,659857	192,291213
41,623876	191,254245
31,238677	191,824577
24,662870	192,174554
21,328373	191,072776
12,434100	192,446758
18,621296	191,124624
44,471666	192,019009
11,467019	192,044933
28,808298	191,072776
34,095144	192,459720
13,632816	191,007966
17,500973	192,044933
32,007898	191,993085
7,760102	191,254245
19,337765	192,485644
5,724768	191,085738
17,103076	191,980123
24,343923	191,941236
29,578019	191,280170
15,415107	192,641189
21,119954	191,137587
14,244788	192,407872
11,141645	191,889388
32,240298	191,720881
7,722431	192,602303
15,339458	191,215359
29,544261	192,576379
34,188381	191,694957
18,419080	191,850502
8,175355	192,770810
10,762778	191,474601
23,425628	193,017090
5,663065	191,954198
14,373486	192,472682
8,789758	192,913393
14,780045	191,707919
16,597297	193,250408
5,906733	191,980123
29,183043	192,887469
21,879570	192,939318
13,194122	191,876426
8,253685	193,315218
9,697516	191,980123
14,388982	192,887469
23,303577	192,913393
10,610288	191,941236
14,565390	193,367067
10,268318	192,006047
6,841185	193,185597
4,510134	192,926356
10,865242	192,317137
4,927613	193,470763
20,385068	192,044933
8,708114	193,315218
4,585396	192,809697
8,318138	192,485644
9,079478	193,574460
11,853035	192,239365
15,023399	193,522612
8,437160	192,783772
8,282290	192,835621
19,892077	193,626309
3,392768	192,200478
6,631647	193,691119
13,150293	192,706000
4,914845	193,107825
17,318810	193,652233
6,474977	192,343061
10,227121	193,885551
3,265269	192,706000
2,889993	193,380029
6,257918	193,665195
11,825827	192,498606
5,124310	194,105906
2,492680	192,641189
5,145303	193,807778
5,022756	193,652233
2,345776	192,628227
3,480165	194,054058
5,767086	192,783772
4,696067	193,691119
11,807711	193,652233
6,281799	192,848583
5,296480	194,105906
2,395754	192,680076
7,395410	193,885551
4,369082	193,470763
9,190203	192,952280
3,247585	194,170717
4,047963	192,706000
2,239975	194,041096
8,568272	193,405953
2,527756	193,341143
16,894925	194,235527
1,594883	192,822659
3,296856	193,885551
4,242477	193,457801
1,010656	193,444839
2,374716	194,352186
8,905654	193,043014
1,460602	194,507731
3,583557	193,431877
2,257139	193,937399
2,360219	194,468845
2,702477	193,198560
2,056459	194,702163
1,782029	193,470763
4,930169	194,002209
1,148674	194,416996
5,350193	193,315218
1,875490	194,766973
3,114003	193,392991
2,499338	194,131830
1,120842	194,365148
2,216699	193,509650
5,417826	194,779935
1,437923	193,431877
1,583524	194,611428
1,495632	194,339224
2,850053	193,742967
2,662445	194,909556
1,784736	193,470763
0,862680	194,805859
3,354596	194,352186
1,992102	194,092944
1,370008	194,779935
1,796950	193,652233
1,798311	195,103988
1,493200	194,326262
4,354897	194,352186
1,163265	195,220646
3,283013	193,820740
4,118231	195,311381
2,561444	194,378110
1,767183	195,103988
2,539515	195,246571
1,647253	193,937399
2,900945	195,428040
2,363436	194,209603
2,053507	195,272495
0,504602	195,181760
1,993551	193,185597
2,282249	195,557661
1,876887	193,937399
0,959481	195,052139
1,956093	195,272495
0,833182	194,157755
3,667651	195,609509
1,183245	194,157755
3,678250	195,246571
2,116059	195,103988
1,044669	194,352186
0,925320	195,609509
1,839411	194,144792
1,849082	195,363229
2,254012	194,974367
1,358498	194,533655
1,671871	195,609509
1,437923	194,261451
3,887708	195,557661
2,140193	195,000291
1,538580	194,883632
0,795064	195,816903
2,264967	194,416996
1,669269	195,907638
2,536152	194,883632
0,960414	195,091025
2,426708	195,842827
1,230295	194,494769
2,390889	196,153917
1,777973	194,831784
3,828667	195,415078
1,838032	195,842827
2,650335	194,598466
2,047609	196,257614
0,575998	194,896594
0,982031	195,622471
1,640811	195,803941
1,642098	194,715125
1,861563	196,140955
3,002557	194,754011
0,979195	195,803941
0,589247	195,648396
0,864433	194,857708
0,729862	196,218728
2,496008	194,792897
0,514285	196,024296
1,606291	195,739130
1,606291	195,233609
0,963218	196,413159
0,676222	194,974367
2,260268	196,296500
0,539955	195,790979
0,639568	195,363229
0,761241	196,516856
1,006811	195,039177
0,529336	196,542780
1,563452	195,803941
3,104460	195,894675
0,772694	196,659439
1,140385	195,311381
0,860053	196,802022
1,264106	195,803941
0,646953	196,166879
1,133161	196,763136
0,753122	195,466926
0,585743	196,996454
1,345905	195,803941
0,489330	196,413159
2,205889	196,763136
0,743445	195,622471
1,336790	197,203847
1,002975	195,778017
1,495632	196,516856
0,345892	196,724250
1,816051	195,790979
1,396703	197,216809
1,003933	195,816903
0,886535	196,879795
1,304060	196,672401
1,187477	195,998372
0,979195	197,268658
0,828039	195,687282
0,542628	197,061264
1,136254	196,646477
1,192780	196,140955
1,203428	197,216809
2,019739	195,700244
0,607659	197,139037
0,986768	196,465008
0,676222	196,335387
1,430805	197,113113
1,004892	195,752092
1,037813	197,164961
0,889209	196,283538
0,902652	196,400197
1,541056	197,566786
0,987717	195,752092
0,794229	197,216809
1,120842	196,089107
1,491985	196,581667
0,733842	197,022378
0,616989	195,790979
0,290605	197,164961
2,410385	196,063183
0,531980	196,659439
2,280674	196,931643
0,749081	195,842827
1,153872	197,307544
0,729862	195,920600
1,380417	196,892757
3,591911	196,763136
0,969778	196,024296
1,735055	197,242734
1,976209	195,842827
0,750696	196,996454
0,893677	196,685363
3,049469	196,192804
0,643254	197,255696
0,502038	195,726168
