74,645877
62,949913
67,135776
50,058115
54,862575
54,551571
60,384199
61,488644
77,574172
45,476954
63,107404
32,999111
59,417325
69,915044
43,228784
45,351853
53,319939
54,797680
51,870419
68,386443
49,548585
41,741706
85,383427
67,270602
73,394715
37,974422
54,784707
52,534974
38,084959
55,161788
51,149956
71,875304
56,635245
45,522505
57,275119
63,624775
48,160211
53,027788
57,288503
53,997459
69,040813
53,549366
50,240976
44,203260
65,517999
51,907877
57,061265
58,407116
54,035989
42,258594
40,773903
80,583028
52,875809
65,268192
59,678675
57,893090
49,948622
61,081575
27,486672
59,019978
60,857800
50,718608
50,595836
60,509310
31,821038
67,661176
78,039481
67,600984
43,075150
48,528537
69,684228
31,794406
44,944114
54,344925
63,682445
49,596955
40,322080
63,884580
43,614543
62,921308
39,718186
58,082096
43,647720
64,493701
64,116145
57,704517
60,328652
28,158460
47,911815
47,078644
60,342535
49,718023
64,668486
54,784707
30,663726
33,946332
48,361953
41,613176
40,942920
59,472279
69,377314
49,415741
38,946666
55,855644
92,621350
58,230905
77,094322
39,398013
60,606745
74,307551
58,055068
45,796481
75,439547
52,070414
53,002437
57,194858
53,358129
33,946332
58,828827
60,620673
61,855226
51,633626
78,356351
49,307235
67,676230
68,918736
45,249677
56,529090
47,711391
42,736318
56,119064
35,839152
39,398013
59,706233
55,279183
60,913689
57,556657
54,280461
45,329133
62,379554
57,933555
26,488059
47,347424
54,396535
66,971247
32,204469
43,614543
65,312227
55,318353
63,279530
58,869751
65,916137
63,711294
74,597478
51,571439
48,492807
63,394464
57,301890
52,888462
41,538328
28,199286
79,093660
53,460063
46,232633
56,079495
67,315587
59,143092
28,036225
64,916671
65,650522
43,272750
102,230167
56,132258
50,903158
78,607156
43,382801
52,977094
41,197361
58,965319
75,961079
44,047214
79,768201
65,694739
31,847686
59,348683
51,733236
47,852806
40,858351
49,730141
65,768480
66,034432
62,024936
45,693606
65,916137
67,661176
68,068466
55,593095
67,180697
40,426842
39,811478
46,474907
44,449256
66,702634
68,933987
49,766508
41,218614
64,362832
31,238677
68,644621
53,116584
55,895101
47,864604
32,627211
58,774293
53,869165
53,869165
79,481025
34,988045
47,347424
64,829000
30,027825
66,108442
74,130767
80,975551
60,941648
45,488339
59,733799
43,570335
70,053793
45,922438
55,789925
53,154672
49,705906
83,673814
69,699599
39,801105
61,179658
39,863373
63,725721
63,164743
32,917224
36,430728
76,896381
67,721406
62,764144
53,472814
49,972939
61,629455
52,283501
55,579990
57,181488
51,945354
55,488318
68,295485
49,609052
79,144110
50,167776
60,037624
51,720777
48,982721
43,947102
64,814396
47,593769
36,999469
33,465802
42,834496
86,596623
68,159209
46,787705
75,585970
62,692798
64,887438
73,394715
75,618536
49,705906
52,888462
73,139915
71,030494
35,235216
53,319939
60,774034
47,066982
49,367495
51,870419
73,187642
46,718067
63,064424
67,947607
51,248910
58,965319
20,813253
61,812850
50,033768
70,765997
48,302556
54,474014
50,326472
57,248356
68,614211
63,365717
58,869751
82,074935
55,540689
45,102374
66,598379
66,449643
77,127348
58,747039
53,664340
56,383357
52,787296
44,820041
69,699599
65,341595
56,675089
43,548243
71,624253
69,132471
47,300603
41,452903
82,455284
45,125014
64,902053
28,742026
38,084959
46,509590
42,280228
62,593009
45,420060
38,844592
51,125239
64,566488
65,415056
70,270011
62,507565
47,265508
40,594856
48,124671
63,595954
64,377363
55,475231
76,600145
35,493173
60,009958
74,082605
64,624759
76,075504
57,502956
47,711391
59,472279
46,579010
36,832134
54,642152
51,484464
54,280461
53,078516
45,397317
44,426853
65,797993
76,010103
46,985406
60,927667
71,061657
55,031555
46,313292
59,499769
46,625330
51,112883
82,437968
35,225687
44,550165
49,705906
44,538945
52,070414
57,920064
59,033649
51,286053
52,145551
88,694411
79,110474
54,216051
19,255850
31,546578
37,854091
51,608745
31,936624
66,672835
67,887235
35,733189
46,997054
63,769019
79,497897
40,123553
61,615364
54,474014
54,151695
45,830809
72,790589
66,881625
73,219473
71,671277
48,302556
81,472405
40,322080
63,064424
40,858351
59,609821
63,164743
59,802755
43,802776
38,024638
90,661267
50,302034
63,207771
47,359135
54,590379
68,356114
26,137547
43,592435
39,749267
55,501408
28,052501
59,761375
41,314348
62,521800
57,248356
53,319939
46,244150
32,853632
83,848928
48,767212
69,331359
58,787923
53,002437
44,180944
43,382801
57,221603
47,852806
60,983602
45,819365
27,166895
63,193426
59,968477
63,150405
47,347424
61,291890
70,053793
66,941364
56,847974
49,319283
93,243557
43,382801
57,987539
55,266130
59,609821
80,497875
54,061686
59,927016
53,383600
47,101974
44,684961
52,812575
39,604370
55,921417
37,504642
58,515740
62,479102
66,807004
79,734377
36,479516
67,676230
60,983602
44,314958
64,829000
89,151211
69,699599
27,817123
43,780602
64,246660
62,138259
58,339298
61,376159
29,417906
79,009628
43,075150
64,362832
47,523294
71,498960
48,100988
54,396535
31,909925
42,312693
58,474990
59,982302
51,038793
71,875304
56,582150
71,452015
46,857415
48,065478
67,540829
64,116145
44,606296
62,351132
58,055068
58,434259
61,615364
52,497199
59,802755
29,934083
66,851769
40,290688
81,198012
68,250038
69,438620
42,453574
41,881258
50,730897
80,958457
59,280097
78,707638
59,019978
69,438620
54,914530
70,672811
59,472279
42,910966
63,365717
53,933285
68,401610
59,321242
68,827278
43,009424
58,217366
45,568088
61,601275
60,439781
79,447287
48,779167
61,474576
68,234894
44,102901
67,525797
64,261174
67,480713
63,050102
62,935609
49,839297
50,989442
40,343017
64,712235
41,945777
34,422246
44,359692
50,743188
59,238972
51,683414
43,880449
81,232275
47,172011
51,745696
52,158081
52,158081
61,319970
46,014196
58,407116
45,773606
63,552740
54,940520
72,838155
71,577250
34,704346
64,174129
49,427807
40,847788
61,081575
51,745696
62,792699
62,907009
58,082096
30,207348
62,464874
52,446862
57,771815
76,370300
50,730897
35,887389
67,631075
79,043234
47,911815
74,323637
60,620673
59,088352
57,288503
59,513518
36,051732
51,583872
69,453952
46,915563
41,101817
80,378770
55,527593
44,774982
60,606745
56,264317
49,126764
39,946502
54,061686
53,894806
52,283501
41,463574
26,503712
72,854015
41,207987
82,941172
46,962117
38,044738
52,913775
63,552740
56,251101
45,602296
64,916671
37,325802
62,992837
58,842466
37,824050
66,986193
66,241808
49,972939
63,595954
52,208224
53,702703
57,422470
49,126764
40,489790
69,132471
45,739308
50,595836
49,030703
77,474719
53,715495
41,892007
39,008000
41,218614
62,067415
68,144079
62,607258
43,195831
45,385948
69,224215
73,842127
58,570106
49,379554
56,741539
55,750520
64,960538
42,987531
54,383629
39,956902
67,105840
83,341814
69,730348
44,426853
60,634604
68,675040
48,018160
57,261736
75,390784
42,399350
65,945697
42,823579
59,692453
61,685843
45,568088
70,797078
78,356351
70,703863
41,549015
52,534974
41,218614
60,815907
47,511555
63,222118
77,557590
60,843833
71,843889
48,958743
59,074673
60,620673
47,195373
46,834170
56,635245
44,684961
43,305745
55,318353
34,988045
52,434283
81,936936
43,075150
74,985293
66,717537
81,661432
62,265921
62,593009
50,681755
32,817332
55,109669
49,754383
66,078831
54,512783
51,770624
64,653908
47,452891
39,254010
38,763066
59,211566
46,810934
75,585970
45,556689
53,881984
60,509310
55,895101
58,747039
43,703053
41,123036
32,303067
39,100128
39,769996
71,264454
58,842466
68,477486
50,167776
60,356421
48,576207
48,053646
56,529090
51,472048
54,888548
64,960538
41,207987
60,439781
56,053127
66,479371
77,723520
44,393264
27,849508
64,203134
65,665259
53,638775
72,158481
48,183915
76,403105
38,266319
51,112883
68,113827
61,544941
54,061686
74,581350
62,978527
38,783436
79,430423
67,766604
47,793847
38,337010
44,281428
57,852645
31,002577
83,866454
39,069402
45,807922
74,018423
43,935988
67,902324
60,287016
53,958948
46,417142
62,450648
38,549629
60,899714
60,871769
54,254691
64,551926
65,724228
51,422403
36,792838
86,650427
55,829350
54,023143
35,321057
46,198095
56,462815
79,971357
55,816206
47,947245
64,043717
52,863158
61,812850
48,659707
46,198095
62,365341
77,524434
55,645535
32,374905
61,544941
61,025577
46,613747
53,779486
62,749870
53,129278
58,951660
61,954184
71,796784
65,753727
84,746062
73,714098
54,642152
49,174845
52,296054
56,409834
71,828184
28,775149
48,934773
37,514595
56,489318
66,494239
61,039573
51,347999
59,143092
55,383681
60,899714
32,582057
56,954549
53,549366
54,849592
44,494085
57,825693
55,908258
60,411985
47,852806
61,277853
67,751536
49,162821
50,033768
47,370847
52,007857
44,876408
41,688118
62,251727
70,952628
61,165640
65,092264
53,728289
69,684228
58,325741
40,584341
76,124580
35,964662
58,298634
38,326906
49,924313
17,483288
65,253519
55,435982
60,245400
61,123597
44,494085
61,940040
60,941648
46,451795
62,921308
44,247916
69,025545
48,623909
62,921308
44,718704
72,743046
28,708930
38,357224
57,933555
50,706322
53,997459
66,568613
38,135276
46,741272
56,688374
57,114676
79,481025
50,179970
50,094650
66,509109
63,394464
68,310639
53,230904
73,570254
51,808031
48,767212
43,327751
60,481492
41,709547
44,169789
72,616370
70,022943
48,683583
70,890379
60,148375
70,502197
49,030703
50,204367
39,821853
52,383988
63,466373
67,165721
34,817633
29,291925
66,509109
74,742741
50,780073
57,234978
52,787296
45,830809
56,994551
72,885743
55,200900
60,370309
61,826973
52,346290
48,647772
47,347424
56,887923
87,840140
62,308516
49,669571
55,540689
66,568613
60,941648
65,121562
37,197008
75,814140
57,355459
54,306241
30,396214
85,632208
78,206141
40,890050
35,483596
53,984620
62,351132
41,602478
68,523039
64,333775
75,033870
60,203804
50,350918
42,943768
43,437899
70,007521
77,342257
53,728289
65,019059
48,623909
78,757912
44,561388
70,161843
57,248356
64,406434
54,668052
65,517999
64,931291
55,763653
68,250038
43,294745
69,331359
51,310825
58,122654
61,179658
52,964426
57,021230
49,488170
58,285084
68,842515
75,765206
34,845995
65,517999
52,270949
51,608745
50,927800
60,774034
53,472814
59,775166
31,688030
53,664340
51,920367
52,020364
63,985817
52,661029
44,572612
67,120807
66,405068
53,856347
59,348683
56,237887
65,606327
61,432383
49,778634
65,048334
70,564205
77,226484
58,325741
30,741694
84,006753
29,266774
58,733415
59,527269
66,093635
58,801555
68,068466
46,752877
64,029239
61,742268
61,657645
60,453682
63,913493
76,912862
61,615364
41,133648
63,250819
53,332667
33,585489
78,056135
52,623190
46,463350
70,393776
64,537366
48,112828
40,584341
61,474576
40,521290
48,457095
73,810105
33,937046
71,467661
62,479102
34,874373
40,657986
63,250819
42,649180
36,684924
43,482013
50,559045
41,442233
47,535034
49,343385
77,441588
33,236464
56,542352
50,792372
66,836845
54,940520
47,230432
81,850770
46,555862
59,006310
55,318353
64,887438
54,164562
65,753727
43,140947
59,830353
59,802755
56,092683
73,155822
64,087167
57,947047
36,372241
60,217667
44,977994
80,310765
80,821794
56,529090
60,134523
34,732643
67,120807
42,605658
62,635762
64,058198
66,494239
60,079138
48,350070
58,910695
47,172011
51,038793
62,992837
71,891015
53,180074
51,434811
56,092683
77,094322
43,980455
56,317201
55,540689
72,996866
42,867257
61,742268
59,252678
45,533898
71,326936
45,830809
45,830809
78,189464
42,965645
40,921767
79,481025
49,174845
58,719794
56,688374
45,091056
44,966699
56,356888
35,762066
38,763066
57,342064
64,203134
32,527929
58,339298
36,871460
59,156782
57,839168
53,907630
45,102374
38,691829
55,593095
50,058115
45,968301
65,532714
39,161630
49,572766
60,857800
61,362108
73,762090
47,113642
72,695524
37,444962
78,640640
61,925899
53,230904
58,257990
24,618195
52,472026
44,091759
60,273142
52,547570
27,946818
36,979755
61,671743
33,881368
50,620374
56,621968
62,010781
66,212154
55,161788
50,399835
78,389759
55,044568
59,844155
50,436544
55,213942
74,694298
47,582018
43,053234
71,796784
49,839297
39,718186
38,956884
40,050584
61,039573
61,123597
50,977110
70,734925
56,224676
39,018229
50,461028
41,870512
62,764144
54,564505
68,371277
63,050102
75,195954
61,025577
41,827546
53,332667
57,812220
83,359264
46,405595
69,668860
53,243617
52,812575
59,334961
79,649863
71,624253
57,502956
47,676083
73,108109
44,091759
45,716453
58,041558
62,678535
52,774659
72,505657
38,987548
37,664111
55,070602
74,952920
62,081579
68,796811
62,053253
37,019190
53,447313
59,389862
53,600444
67,495738
48,982721
49,633253
48,255075
51,621184
77,989532
46,555862
57,114676
62,365341
40,008928
71,796784
52,762025
39,387715
72,996866
48,600054
30,759039
48,219486
71,514613
58,815190
67,405620
63,093075
56,396594
55,383681
56,861288
76,995307
50,070291
59,678675
53,307214
55,344478
62,095746
80,719404
29,823558
39,915315
85,649998
75,863097
56,224676
73,426609
61,460509
61,109587
57,623833
52,673646
51,125239
58,951660
61,291890
70,750460
73,970313
39,521737
52,195685
50,314252
48,874883
61,011583
48,635839
63,222118
48,994714
70,100085
67,210656
43,272750
49,875720
40,322080
58,257990
68,690253
92,189443
51,808031
47,841010
54,603319
51,633626
69,101909
50,669474
55,279183
70,254551
55,187860
56,303977
60,120673
46,071609
48,065478
79,599185
55,161788
34,789287
64,101655
53,523840
61,826973
50,866210
54,138830
32,132892
73,044527
60,871769
60,356421
68,280334
38,498931
51,447221
34,978563
50,657196
34,694917
38,549629
61,699946
30,620469
43,714126
49,754383
50,277605
58,665331
61,559021
54,888548
70,843717
56,675089
40,290688
49,924313
62,265921
83,464021
49,839297
64,975165
59,143092
66,049229
50,131203
61,855226
52,183148
68,568614
42,747219
58,583703
57,221603
57,208229
55,292237
74,468522
52,220765
53,498323
55,868794
44,910252
22,678732
54,319133
70,130959
45,465571
62,821262
29,857536
60,384199
52,258400
41,112426
56,834662
49,705906
60,314771
55,895101
76,157310
51,658516
29,687915
62,053253
49,839297
43,603488
55,593095
69,208919
71,358191
26,083310
45,705028
65,606327
48,898833
51,907877
41,859768
69,086631
72,142728
52,472026
63,394464
56,237887
70,471207
60,162229
63,394464
43,526159
76,386701
38,519204
63,725721
32,303067
57,007890
60,732181
58,082096
50,485520
73,986347
54,953519
49,259064
38,225965
39,346541
42,356006
76,042798
42,812665
55,776788
57,623833
57,168122
69,193624
55,789925
44,932825
88,003269
59,747586
45,773606
27,744352
60,843833
43,703053
43,603488
67,902324
53,167372
64,683067
56,954549
40,805557
35,073468
43,162894
40,626413
67,075914
43,581384
55,109669
53,027788
76,222801
60,537137
50,730897
48,588129
48,089149
67,090876
64,391898
47,242122
55,974075
50,669474
67,405620
42,236969
60,453682
60,079138
67,495738
54,396535
42,496988
76,995307
63,021465
30,181657
50,204367
76,321111
40,773903
41,144262
44,102901
50,070291
55,579990
73,028638
78,875309
66,419924
32,654325
69,423290
74,839695
31,892134
83,919047
62,978527
43,570335
46,927198
65,635788
61,714051
46,729669
60,259270
64,566488
62,194975
75,455806
72,616370
55,435982
41,186738
44,303779
65,488575
69,392637
64,668486
60,815907
68,053350
61,249786
49,584859
37,524550
64,610188
47,113642
75,098674
64,174129
66,613265
50,804673
69,056083
65,077618
53,180074
71,170805
62,166612
53,332667
48,552368
70,331874
55,148755
81,489577
67,045998
47,335716
39,100128
56,568882
51,112883
74,098656
53,728289
71,467661
74,227157
63,899035
58,597302
39,243738
71,828184
66,821923
41,239875
74,823530
59,788959
74,775049
43,129976
46,163575
74,355816
52,270949
56,026768
53,091203
51,521726
45,647935
50,522273
65,901361
58,897045
58,271536
53,319939
66,212154
44,359692
32,097145
49,464019
64,858214
71,248840
37,904197
60,051460
68,614211
71,655600
41,463574
55,711134
71,875304
53,141974
45,556689
76,846952
48,671644
31,812159
41,335643
46,140571
58,815190
53,434566
74,371910
70,641769
72,300365
89,775142
67,465689
65,268192
71,467661
67,480713
39,120621
70,038366
53,843532
40,395394
60,662472
23,103501
61,376159
49,596955
28,387614
75,228401
54,551571
65,429755
45,807922
25,867139
53,345397
47,817425
61,418324
36,940349
69,147756
41,988828
65,297546
66,583495
29,409496
28,999417
61,137609
48,635839
75,260858
50,461028
42,496988
71,702639
59,747586
61,587188
59,102034
76,386701
66,762260
81,061062
47,359135
80,293771
59,321242
74,307551
61,039573
35,733189
71,014916
67,646124
38,458406
61,179658
89,572943
45,385948
58,924348
62,095746
52,183148
32,079282
57,074614
69,300735
43,459952
32,464859
61,855226
59,568535
50,510020
54,306241
43,570335
40,040167
55,305294
73,076313
50,021598
36,753571
57,021230
57,866124
48,255075
65,488575
37,088271
63,093075
51,695866
58,014544
26,129794
63,812337
49,609052
49,705906
69,224215
39,408313
39,521737
61,530864
49,042703
54,810655
53,319939
49,972939
64,508254
59,968477
46,590587
79,009628
61,474576
48,409508
77,028302
61,151623
52,850509
61,207703
77,094322
68,720686
51,932859
60,690349
39,100128
38,905814
56,251101
43,140947
45,408687
47,652555
55,318353
61,319970
66,613265
70,626251
63,021465
53,078516
42,345175
32,871793
46,336356
36,538122
35,235216
54,862575
62,265921
58,556511
51,447221
51,014114
60,467586
50,571307
36,245745
62,336924
50,106832
56,489318
86,399545
48,195770
62,422204
52,749393
38,256228
60,704291
44,865131
32,303067
65,136215
70,703863
36,891133
45,682185
52,472026
63,322613
62,166612
64,246660
46,048638
67,330587
55,501408
37,674093
58,203829
38,681660
65,753727
57,570088
60,231532
62,749870
34,085830
64,391898
61,784610
45,705028
60,051460
64,712235
48,552368
50,265393
63,423221
65,916137
60,746130
56,026768
52,787296
48,779167
52,509789
60,300892
47,982694
60,411985
49,900013
46,706468
61,474576
78,774676
70,192736
79,666761
79,160932
53,485567
61,011583
74,243231
67,826900
56,808044
44,673717
72,806442
62,152434
58,271536
46,313292
52,926435
43,958218
54,280461
56,423076
56,821352
66,375363
69,791875
50,167776
28,974439
53,869165
57,422470
49,827161
48,803084
74,484633
52,926435
55,018543
60,927667
77,673715
46,718067
46,579010
83,919047
59,307525
78,741152
51,137597
64,522809
77,574172
61,601275
57,866124
61,996628
47,970875
78,356351
50,706322
57,328670
58,434259
58,122654
48,053646
42,172138
39,490781
30,750366
62,180792
38,286507
61,940040
54,216051
67,661176
58,257990
54,849592
62,621509
69,838045
61,516788
59,293809
37,634174
67,676230
48,077312
48,850942
61,109587
76,452331
39,120621
66,866696
86,006346
36,333287
86,560767
73,171731
79,937472
81,523927
71,186407
57,812220
49,500249
70,208186
55,803064
50,009431
71,186407
33,521005
61,756380
63,595954
83,010751
45,045808
56,211467
64,377363
47,793847
63,437603
38,987548
55,005534
59,060996
59,664900
66,986193
56,237887
47,488083
39,028460
46,776094
62,935609
61,067572
53,192779
50,387602
52,762025
30,525453
35,675483
56,303977
57,502956
55,253080
48,172062
51,137597
53,116584
50,192167
52,522380
57,825693
52,572768
87,424233
49,042703
57,328670
65,459160
72,758891
70,579713
50,743188
46,370967
66,123251
49,572766
46,370967
33,309734
55,122695
62,921308
52,120497
57,758351
55,174823
59,074673
61,277853
43,813867
77,657118
46,822551
56,967881
78,724393
35,197111
48,290683
67,016090
31,546578
60,384199
59,458537
42,031909
50,816976
50,767776
48,635839
72,284590
41,239875
54,344925
70,937062
54,862575
34,253751
40,029752
72,917480
65,297546
53,817907
57,637275
52,107973
46,347891
64,931291
59,720015
55,711134
63,279530
62,650018
52,107973
77,623932
46,498027
70,874823
62,223346
53,894806
58,407116
68,507852
42,681842
49,645357
79,127291
65,459160
46,927198
42,377674
28,634559
50,977110
63,841227
61,516788
69,040813
55,161788
55,579990
73,442560
71,859595
57,839168
50,866210
71,781087
47,148657
61,573104
41,165496
55,698010
65,459160
56,171852
68,720686
63,423221
46,962117
45,079741
75,830457
55,829350
67,992911
65,370972
72,079741
52,597975
78,590418
66,256638
48,314431
51,658516
50,608104
48,695523
51,014114
38,691829
47,101974
67,796747
37,098147
43,935988
51,783091
70,192736
49,512330
64,668486
58,203829
39,274559
69,945860
39,089884
65,062975
40,144419
48,862912
53,015112
47,288903
58,570106
72,822297
39,018229
79,531649
58,244446
66,657939
55,960907
62,166612
52,509789
71,342562
37,554425
50,816976
40,573828
70,393776
59,623587
42,747219
61,235756
55,253080
69,622769
75,163518
67,947607
52,346290
42,845414
58,339298
50,253184
30,516826
48,850942
32,428857
54,228929
66,702634
71,498960
74,823530
67,706345
39,656076
32,043576
61,855226
56,158652
61,502715
55,934578
50,534528
65,960480
58,285084
57,825693
54,319133
43,064191
62,650018
50,204367
64,639332
48,886857
76,715252
45,636522
58,339298
35,474021
59,431060
74,904380
67,962706
51,088178
73,826115
64,450057
55,855644
71,046074
71,311312
46,834170
61,911760
71,592915
64,975165
58,136177
64,872825
52,484612
49,295189
48,635839
54,901538
67,031043
61,404266
80,242802
72,079741
53,830718
54,087392
54,875560
54,745803
57,570088
76,435920
43,902659
61,362108
34,600724
33,816491
32,762934
71,030494
47,312305
55,435982
65,415056
65,312227
54,023143
57,489536
70,750460
55,331415
43,140947
70,781536
48,148362
63,495153
64,872825
69,838045
41,741706
70,208186
40,636935
73,746091
52,057898
54,010300
69,331359
44,741209
47,160333
44,550165
45,830809
47,125312
49,138781
49,174845
37,864109
64,304727
74,726591
67,631075
68,038237
71,092830
36,177758
86,758107
60,997591
55,357543
59,280097
65,679998
60,106826
36,489279
74,855863
48,385726
78,540219
39,521737
74,936738
41,059403
33,218165
74,146826
77,723520
58,474990
55,829350
49,186870
72,553091
62,138259
57,234978
80,890105
47,207058
56,013591
53,218194
65,990054
57,234978
46,509590
88,950013
64,319250
59,376133
46,822551
59,129404
57,717972
36,216597
48,874883
57,623833
78,089452
68,023126
41,038207
54,849592
70,254551
60,509310
69,300735
57,502956
46,382507
49,162821
49,355439
42,736318
50,780073
59,088352
52,346290
63,480762
58,556511
34,169719
39,284837
71,420731
79,312440
65,150870
45,705028
51,957850
52,208224
56,423076
56,013591
74,629741
56,621968
59,968477
61,530864
45,522505
64,029239
31,981157
54,125967
53,307214
58,203829
82,923784
51,298438
54,357825
45,102374
73,554284
43,636659
55,816206
42,431878
72,537277
36,832134
51,571439
63,222118
71,702639
58,312187
43,239773
47,970875
52,409132
63,725721
61,390211
51,149956
42,812665
51,075829
49,584859
56,105872
61,179658
43,382801
84,305443
47,090308
74,629741
66,941364
48,041815
64,595619
41,495600
60,648537
77,458152
71,030494
54,992527
63,711294
56,053127
59,830353
61,643549
54,306241
71,202012
52,951760
49,174845
65,444456
58,828827
35,063969
52,396559
50,510020
70,378297
41,827546
75,390784
64,493701
42,867257
57,650719
58,312187
54,396535
58,869751
52,421706
48,827009
53,856347
75,066267
47,300603
48,946757
71,248840
47,324010
55,593095
38,145346
74,050509
78,674134
52,850509
77,077813
64,610188
52,220765
68,234894
59,706233
41,849025
71,030494
52,333728
61,179658
49,536498
45,476954
55,908258
57,812220
45,113693
63,193426
52,901118
60,398091
67,001140
58,583703
35,685096
42,323518
48,791125
40,763356
64,000288
51,882903
59,486023
57,704517
69,930451
46,822551
62,749870
21,281189
68,113827
50,694037
49,972939
59,417325
48,231347
67,826900
62,964219
51,496883
41,784610
58,082096
57,208229
39,728544
61,559021
65,297546
55,135724
71,358191
63,480762
40,689577
69,915044
37,654130
36,675124
49,162821
63,021465
50,903158
63,121735
53,192779
58,339298
46,370967
54,551571
48,361953
56,768135
54,216051
58,638112
73,746091
71,843889
59,747586
30,336033
33,218165
40,019339
46,106081
73,762090
60,023790
53,574901
55,226985
52,522380
53,613219
61,179658
65,916137
75,147303
69,638130
68,356114
53,920457
37,694063
65,517999
57,960542
54,448179
45,556689
50,559045
68,659829
46,232633
54,332028
65,004425
71,639925
64,043717
55,921417
50,546786
51,335605
50,033768
77,939605
44,047214
70,455716
65,356283
54,512783
45,579489
81,627040
51,559007
44,348506
59,280097
57,368857
66,896556
34,272445
56,714952
40,710647
47,090308
59,486023
63,913493
59,060996
55,527593
55,908258
28,725475
34,366017
58,136177
62,379554
52,623190
74,985293
63,322613
65,180186
73,954281
53,409079
48,588129
70,378297
38,681660
45,750739
54,422353
54,512783
61,615364
45,023195
46,997054
23,389685
44,002700
39,967303
68,568614
64,537366
56,568882
37,694063
56,079495
61,869356
72,711362
74,726591
59,211566
41,655989
48,231347
77,028302
76,271945
65,901361
61,263818
59,499769
51,286053
74,855863
57,422470
62,194975
37,216803
69,453952
36,626154
41,356945
25,728824
42,714522
58,488571
70,657289
54,992527
67,345589
48,970731
67,360593
45,933901
92,151954
51,970349
53,741085
67,060955
50,240976
39,873757
70,952628
57,234978
50,497769
54,771737
49,018704
62,081579
38,377446
77,823199
38,712173
51,670964
69,822653
48,160211
52,787296
50,706322
46,186586
74,484633
65,901361
57,960542
62,422204
25,507052
56,198260
66,123251
54,642152
58,136177
42,280228
73,283163
41,484923
47,793847
26,285149
77,441588
48,803084
55,632422
70,285473
69,346675
53,511081
51,162318
51,001777
62,365341
49,186870
61,446445
42,377674
74,904380
67,001140
47,711391
61,460509
60,328652
51,795560
48,516625
63,351347
43,902659
56,914567
60,857800
42,681842
61,502715
69,638130
63,021465
45,442812
61,841098
59,102034
69,992102
38,844592
49,403676
71,467661
70,657289
55,619310
74,872033
58,217366
44,494085
72,284590
59,775166
69,822653
49,924313
67,917416
59,788959
54,151695
58,285084
81,249411
59,074673
41,229244
62,664275
59,115718
76,091860
63,408842
54,344925
71,608582
56,290755
49,198897
33,337238
72,284590
55,096644
75,098674
59,088352
38,610527
66,866696
54,177431
43,836053
36,538122
61,277853
34,403496
61,418324
47,160333
52,597975
45,023195
69,499965
54,525710
59,637356
53,958948
71,326936
42,779933
78,590418
52,698887
73,315023
27,294497
33,594708
40,763356
41,945777
56,211467
53,053148
49,863577
55,331415
56,039946
69,761107
40,636935
62,593009
64,261174
65,297546
69,132471
61,530864
54,396535
62,607258
55,031555
64,174129
73,874158
43,780602
45,705028
58,938003
32,473864
68,492668
47,770278
51,521726
48,922791
49,018704
58,095613
54,138830
51,832980
55,383681
47,335716
38,095019
48,623909
79,937472
53,997459
58,176762
73,458513
53,766684
70,223639
53,383600
42,010365
68,583811
55,083622
55,514499
63,841227
54,216051
48,743308
76,797546
34,742080
67,887235
74,516862
48,958743
62,692798
62,521800
43,791688
55,279183
56,502573
49,742261
71,483309
41,367600
50,387602
62,864125
54,823631
64,290207
73,012751
38,115144
57,328670
44,047214
61,756380
55,671768
45,888063
34,553694
47,699620
44,774982
66,866696
31,555406
43,459952
78,172789
39,656076
80,685295
41,892007
50,412069
75,781515
57,449290
65,385665
46,880668
75,520868
38,286507
59,940835
66,598379
39,645731
64,174129
53,472814
68,068466
49,367495
54,693960
36,352760
39,635388
72,743046
56,237887
46,985406
44,876408
68,189476
69,208919
41,720265
41,924263
64,450057
67,420634
54,164562
77,839821
80,463832
61,516788
55,475231
51,310825
55,987245
63,769019
61,263818
43,603488
56,251101
46,613747
69,791875
66,866696
68,903487
49,912162
46,474907
56,874605
44,617527
67,811823
56,423076
42,053462
60,439781
55,266130
47,136983
37,157442
51,683414
66,717537
68,735906
35,829510
59,927016
77,740127
72,679688
53,243617
42,021136
62,393768
57,596956
68,720686
68,690253
42,518706
35,512333
51,945354
55,475231
66,702634
66,479371
65,503286
71,311312
52,863158
60,287016
52,560168
48,041815
71,843889
50,546786
49,295189
54,023143
62,365341
26,083310
54,435265
79,514772
28,338402
66,064029
62,635762
60,885740
54,164562
41,495600
68,538229
32,437855
52,774659
75,147303
62,095746
55,409827
67,525797
78,674134
60,065298
46,451795
46,048638
52,107973
30,138871
53,677125
25,446106
69,807263
53,040467
45,192982
79,886664
53,498323
46,521155
38,034687
66,152876
74,710443
53,269049
78,189464
47,947245
45,113693
59,761375
63,078749
62,678535
63,293889
54,087392
55,488318
70,765997
46,706468
46,498027
63,064424
29,057757
70,874823
56,476065
59,664900
45,351853
37,266320
63,236468
66,152876
46,741272
61,544941
66,256638
50,706322
30,138871
32,141833
42,856335
41,410236
62,806979
42,638296
55,579990
49,948622
42,605658
56,317201
53,383600
58,597302
75,098674
72,347704
49,391614
51,125239
50,546786
66,078831
83,446555
61,446445
70,874823
64,000288
69,653494
36,100167
45,045808
57,288503
65,370972
50,082469
67,150747
66,851769
44,069483
53,651556
60,453682
55,579990
40,668515
86,184915
55,803064
39,089884
66,108442
49,960780
49,415741
68,401610
59,156782
36,352760
51,162318
47,994514
42,442725
63,322613
45,670766
56,171852
61,305929
66,479371
66,821923
52,032874
41,677406
57,516378
64,391898
84,975830
80,804722
59,733799
41,634579
36,236027
54,616261
69,976686
46,764484
64,799794
43,780602
37,435022
62,095746
46,094588
55,044568
42,345175
63,523942
58,951660
48,659707
58,001040
61,657645
50,694037
51,857937
58,366419
79,599185
53,498323
68,053350
48,922791
63,437603
69,484625
49,851436
41,218614
47,652555
76,288331
45,865155
52,661029
25,652202
57,502956
42,779933
37,564388
58,271536
45,739308
58,992644
66,405068
61,544941
43,880449
66,747350
51,434811
69,239514
57,798750
64,537366
60,148375
49,234991
56,502573
50,964779
62,223346
42,954705
68,219753
57,610393
67,510766
63,265174
43,691982
76,386701
42,334345
49,863577
46,002719
57,422470
57,368857
74,904380
55,083622
60,676409
48,314431
59,060996
59,417325
38,438155
47,935433
60,774034
37,286140
51,621184
48,421401
30,430641
34,188381
35,569856
81,146637
52,547570
54,823631
34,169719
86,184915
57,677614
63,495153
51,273670
66,613265
43,009424
60,537137
39,387715
49,960780
60,287016
35,685096
48,576207
52,421706
84,499114
51,945354
74,872033
56,568882
68,918736
56,621968
45,204317
72,111230
62,124085
62,521800
51,063482
33,862823
52,901118
63,595954
67,315587
48,302556
56,661805
27,182823
65,459160
68,903487
86,973751
39,759630
53,103893
49,403676
72,758891
37,187114
59,885576
53,766684
45,556689
55,240032
38,549629
37,256413
41,859768
52,082931
71,765392
60,328652
58,339298
44,482875
29,670990
46,451795
40,165292
51,310825
57,502956
39,459841
64,975165
59,788959
65,062975
61,544941
54,422353
51,758159
49,633253
54,564505
59,417325
55,934578
49,500249
43,880449
52,572768
59,802755
37,874128
63,942416
66,926425
32,123953
63,610363
69,545998
50,131203
50,977110
47,055322
55,174823
63,769019
44,247916
67,405620
30,663726
54,914530
56,542352
61,841098
69,684228
80,242802
66,628154
59,541022
59,143092
43,592435
50,694037
48,492807
55,135724
45,533898
59,252678
53,116584
71,530269
49,609052
41,123036
70,999340
63,639189
82,386036
60,774034
31,484831
54,435265
79,278754
69,469287
69,776490
55,776788
49,114749
58,678943
45,956832
57,583521
57,731430
38,661327
52,484612
48,314431
57,141394
62,578763
60,287016
51,633626
41,038207
54,953519
45,670766
59,885576
72,774739
38,864992
56,026768
46,106081
58,379982
60,648537
46,451795
51,014114
45,272369
72,142728
56,808044
38,824199
78,858530
27,246598
45,842256
41,399574
36,900973
65,385665
81,627040
51,795560
70,734925
41,474248
42,226159
63,581547
45,306422
57,355459
93,849747
69,346675
59,472279
70,874823
75,472068
46,834170
58,244446
62,152434
41,935019
77,391911
49,960780
30,036357
66,792087
41,677406
39,946502
65,400359
38,105080
55,462146
56,462815
69,423290
49,439876
37,425084
35,762066
61,742268
71,358191
24,343923
70,440228
49,572766
70,548699
40,196615
41,741706
55,514499
68,492668
43,891553
44,786244
41,346293
45,068428
32,374905
59,982302
34,244407
57,920064
56,714952
56,026768
66,971247
61,432383
49,066710
57,275119
42,442725
35,974329
59,458537
44,673717
61,109587
47,888205
56,754836
38,417911
42,638296
60,342535
52,635801
46,555862
46,521155
54,927524
63,308250
54,603319
59,170475
65,150870
37,574352
31,098617
78,122779
46,267189
83,533910
46,025674
44,270255
65,048334
43,680914
59,170475
57,074614
60,592819
67,887235
59,775166
54,190302
61,601275
27,615305
88,257453
60,079138
34,760957
39,459841
47,805635
72,158481
75,017675
57,987539
53,396338
54,590379
46,370967
43,824959
50,082469
60,801947
49,657463
58,461410
59,927016
59,761375
48,243210
61,615364
60,746130
51,434811
45,762171
34,732643
62,921308
73,203556
53,843532
77,922968
60,774034
52,158081
74,613608
58,951660
62,251727
65,282868
64,712235
59,156782
61,277853
39,946502
62,992837
40,458308
43,858247
51,534151
49,427807
65,871816
49,985101
60,843833
35,111480
34,516102
26,762905
58,068581
46,590587
53,817907
67,480713
50,767776
70,331874
58,176762
48,338188
47,265508
51,621184
81,061062
56,741539
61,940040
52,095451
66,926425
47,359135
50,289818
54,577441
69,438620
75,928408
51,447221
63,107404
70,703863
49,997265
64,712235
71,467661
56,821352
57,906576
72,838155
30,837174
42,583908
43,603488
51,112883
30,447865
33,974200
49,887865
78,925660
34,450384
33,723959
43,680914
60,760081
48,588129
51,149956
41,335643
47,488083
55,488318
58,420686
41,935019
50,058115
45,329133
38,844592
57,061265
30,465095
42,649180
70,533196
60,217667
58,815190
34,403496
49,114749
71,796784
31,520105
74,645877
76,337505
61,940040
53,460063
62,749870
63,552740
39,645731
30,698362
80,855944
60,634604
77,706916
77,276086
57,879606
65,253519
55,213942
42,779933
28,469765
57,395659
61,544941
66,064029
55,579990
37,854091
49,863577
64,887438
29,917061
57,677614
66,226980
61,629455
61,263818
39,315681
60,983602
46,255669
45,238334
65,136215
50,461028
66,301142
50,289818
68,371277
64,406434
69,423290
66,345668
39,967303
55,763653
41,154878
75,961079
53,946115
54,125967
72,854015
50,289818
34,808183
42,280228
83,080370
42,161340
66,182510
69,668860
59,788959
60,509310
73,778093
62,223346
42,345175
64,290207
71,718324
43,053234
61,643549
49,367495
63,279530
42,834496
45,068428
41,527643
51,001777
57,114676
46,163575
47,793847
49,247027
44,561388
58,692558
80,702348
25,897945
53,856347
46,094588
43,680914
53,307214
51,608745
49,693792
52,623190
44,876408
61,053571
74,920558
44,080620
61,025577
50,952451
53,332667
65,165527
49,439876
66,093635
43,924876
42,551298
40,784452
42,649180
57,583521
32,285124
54,151695
49,839297
65,180186
44,013826
52,534974
47,782062
66,762260
69,484625
47,605522
39,811478
50,632646
48,576207
52,020364
87,803919
39,264284
47,148657
48,397616
47,582018
32,034654
70,146400
49,669571
61,756380
41,999595
52,522380
48,255075
70,362820
62,294315
51,434811
79,447287
55,934578
50,350918
58,028050
70,069221
67,090876
57,382257
56,728245
61,728158
44,270255
55,044568
49,102737
29,157956
51,484464
69,684228
66,330824
57,234978
48,077312
66,315982
74,839695
56,264317
64,348302
51,509304
66,986193
54,771737
67,661176
60,189943
64,145132
58,897045
62,280117
66,464506
58,842466
58,122654
36,245745
62,351132
68,857755
63,121735
52,120497
85,011218
64,275689
84,816713
52,484612
52,296054
52,989765
62,308516
59,293809
46,417142
39,884144
68,888240
56,542352
53,294490
68,735906
47,476351
61,039573
64,653908
49,851436
46,209606
51,484464
40,489790
74,339725
76,304720
54,771737
44,673717
62,778420
80,787654
55,488318
46,336356
69,361993
23,845331
42,280228
41,484923
51,920367
56,356888
31,273760
31,159840
68,416781
43,020373
66,643045
40,040167
52,837862
70,999340
39,936104
49,596955
65,092264
53,971783
82,993352
51,733236
60,578895
69,254816
32,410866
42,900036
64,377363
70,579713
62,821262
38,185640
63,927953
59,651127
62,878417
77,640523
49,030703
31,238677
78,674134
27,087353
44,359692
43,504082
66,866696
48,350070
76,781082
62,095746
55,488318
68,325795
62,351132
53,523840
69,807263
51,075829
31,072404
39,120621
68,053350
69,791875
42,638296
65,312227
68,583811
59,211566
34,732643
76,255561
41,239875
42,540432
47,723164
63,624775
65,268192
53,205485
86,776063
42,736318
58,583703
65,812753
46,810934
58,014544
60,065298
60,662472
50,473273
63,107404
42,583908
47,043665
37,534507
42,345175
63,913493
55,619310
45,933901
41,795341
73,251313
93,205763
36,763385
41,303703
45,773606
64,406434
62,507565
48,838974
70,874823
55,187860
30,121769
68,462306
51,162318
42,856335
46,694871
52,057898
60,217667
51,236534
39,018229
50,228771
49,054706
49,030703
42,096590
57,771815
51,335605
53,218194
44,247916
58,638112
71,843889
66,702634
33,918480
57,717972
72,854015
73,762090
56,436320
73,474469
54,979522
47,335716
60,009958
36,763385
59,940835
68,477486
63,193426
53,625996
49,331333
72,711362
61,137609
41,709547
65,679998
57,744889
31,011300
51,459634
49,609052
74,888205
62,166612
64,116145
50,632646
55,344478
58,719794
57,893090
43,603488
62,778420
47,864604
55,226985
54,564505
63,308250
45,807922
58,951660
46,209606
35,054472
53,345397
57,771815
67,706345
39,780364
49,609052
92,264454
62,692798
33,126770
64,014762
78,976033
54,603319
41,559704
67,751536
56,290755
68,356114
61,699946
65,679998
52,258400
68,189476
64,072681
70,937062
46,973761
76,600145
56,808044
80,838868
77,160383
45,385948
75,846776
55,987245
59,857960
27,222671
48,767212
63,971347
42,053462
57,516378
42,540432
91,646911
46,741272
42,442725
32,681453
31,927722
27,865710
61,982478
66,687733
52,648414
59,184170
42,204545
53,523840
62,835548
28,626303
55,161788
47,911815
27,390469
63,050102
47,770278
52,107973
47,125312
49,488170
29,392680
61,025577
50,216568
65,488575
78,992830
52,774659
61,671743
65,092264
64,931291
66,286305
53,881984
45,079741
66,360514
44,002700
46,625330
26,511541
41,463574
70,579713
69,945860
80,157905
48,243210
57,168122
62,664275
60,314771
42,486131
51,360394
62,792699
46,857415
54,151695
76,190051
32,663366
45,876608
38,987548
69,254816
65,591600
50,179970
78,925660
35,569856
67,300590
61,376159
43,482013
67,721406
53,651556
56,066310
42,107377
54,370726
45,522505
80,838868
43,448925
65,945697
57,543228
47,758497
48,958743
48,838974
38,509067
57,610393
52,409132
47,417717
60,300892
47,370847
75,455806
52,724136
47,841010
67,766604
62,978527
61,615364
37,305967
44,808773
30,577255
50,853899
60,969615
52,648414
32,052500
61,376159
72,521466
57,529802
57,529802
34,067207
68,827278
58,122654
28,036225
69,300735
50,632646
58,965319
47,947245
29,849039
55,462146
65,444456
56,808044
40,332548
63,107404
78,272876
56,542352
62,835548
60,509310
45,329133
51,174682
75,993759
42,562166
75,520868
55,266130
53,984620
76,288331
70,424741
57,798750
54,344925
43,813867
45,750739
40,405874
58,706175
60,162229
59,019978
51,100530
39,532060
45,488339
54,396535
50,082469
57,879606
63,466373
45,556689
33,044664
49,815026
48,528537
63,581547
36,323552
47,511555
39,563038
54,758769
60,606745
71,639925
55,895101
36,071100
65,048334
48,041815
44,921538
64,464603
49,319283
52,610581
49,090726
65,679998
80,361765
59,472279
55,122695
43,736277
60,231532
60,453682
61,573104
66,836845
47,970875
58,869751
40,363962
51,708321
40,154854
50,216568
51,857937
37,524550
47,900009
54,616261
52,787296
42,627415
51,100530
26,818108
49,851436
45,408687
60,578895
44,651235
45,113693
71,796784
50,915478
68,857755
45,568088
33,816491
55,698010
42,681842
68,735906
52,296054
47,136983
62,678535
73,986347
46,590587
40,384914
48,338188
40,763356
38,630841
49,415741
68,204613
39,418615
46,845792
53,498323
48,385726
47,959059
52,509789
65,724228
68,280334
60,411985
49,078717
56,185055
49,730141
57,906576
49,090726
56,661805
70,192736
58,951660
40,186172
52,901118
32,618177
49,548585
56,529090
72,079741
57,677614
62,593009
42,258594
43,393817
80,600066
59,197867
45,011892
61,460509
51,335605
52,673646
46,648502
57,034573
66,434782
66,971247
34,647798
73,666128
51,783091
32,862711
49,066710
57,516378
55,763653
29,628705
35,007015
73,554284
41,229244
72,901610
44,808773
65,356283
46,648502
44,752465
45,979772
31,626091
60,134523
61,996628
64,174129
80,090034
39,408313
67,766604
54,629206
51,026452
44,752465
59,211566
91,833733
67,480713
73,858141
53,741085
85,401180
71,155205
63,193426
58,420686
50,804673
54,966519
64,188630
69,638130
40,332548
36,871460
38,225965
50,424306
37,934282
42,943768
72,395064
43,470982
53,805098
57,007890
51,758159
53,294490
75,147303
63,711294
47,535034
70,812622
61,151623
85,543299
42,258594
43,880449
36,401476
64,087167
43,470982
43,031325
53,958948
42,823579
55,829350
66,687733
39,439225
48,207627
48,219486
54,927524
51,845458
63,078749
66,538856
41,634579
62,464874
76,026449
36,022692
45,476954
46,810934
60,746130
56,927892
43,758435
48,552368
41,935019
49,355439
40,689577
63,150405
53,728289
55,070602
65,679998
68,250038
55,057584
71,311312
50,412069
42,551298
65,990054
54,681005
38,105080
68,933987
61,855226
51,001777
62,393768
53,997459
34,179049
50,853899
54,486935
36,080788
73,874158
91,050898
73,762090
41,261143
59,844155
57,342064
58,978980
59,403592
67,631075
73,299092
60,927667
66,971247
41,935019
51,571439
69,208919
80,344762
79,093660
72,584726
55,566887
53,830718
71,217619
75,195954
67,766604
71,530269
66,345668
57,677614
65,180186
49,030703
51,409997
92,452171
60,509310
60,009958
52,170614
55,083622
48,160211
37,664111
52,585371
69,147756
56,808044
39,233468
78,858530
63,942416
55,148755
58,787923
69,961272
41,881258
65,370972
47,900009
57,987539
35,149520
46,486466
66,286305
64,595619
53,574901
56,185055
60,314771
52,170614
40,071423
80,174880
48,755259
78,022828
55,279183
38,539485
75,814140
59,197867
60,690349
51,385191
73,842127
69,530651
37,088271
49,403676
71,953885
61,826973
66,152876
42,064241
56,688374
46,613747
41,293060
50,927800
51,323214
55,292237
73,794098
57,623833
58,163231
38,004546
36,138948
46,683276
64,741412
72,474047
44,225584
68,265185
49,693792
68,857755
