0,009334	35,476221
0,007712	35,839158
0,005140	35,320676
0,004191	35,774348
0,004579	35,696575
0,003687	35,528069
0,001969	35,852120
0,002373	35,307714
0,002552	35,761385
0,001969	35,696575
0,001906	35,437334
0,002626	35,748423
0,001723	35,346600
0,001664	35,787310
0,006303	35,618803
0,105585	35,631765
0,009240	35,813234
0,027805	35,333638
0,023976	35,839158
0,021896	35,541031
0,011812	35,670651
0,007712	35,800272
0,004529	35,359562
0,003958	35,839158
0,002373	35,489183
0,001969	35,696575
0,001209	35,916930
0,000777	35,644727
0,001161	35,865082
0,000895	35,437334
0,001185	35,709537
0,137458	35,735461
0,113546	35,476221
0,021896	35,891006
0,018399	35,424372
0,016855	35,826196
0,010725	35,761385
0,010574	35,566955
0,004579	35,891006
0,003012	35,333638
0,001813	35,800272
0,000528	35,657689
0,000166	35,566955
0,000160	35,852120
0,000208	35,307714
0,000707	35,774348
0,001031	35,670651
0,001630	35,437334
0,003175	35,826196
0,165594	35,307714
0,000958	35,826196
0,005460	35,553993
0,004004	35,644727
0,002408	35,800272
0,001578	35,359562
0,000238	35,839158
0,001940	35,515107
0,003751	35,683613
0,004951	35,774348
0,006575	35,385486
0,011530	35,852120
0,015125	35,463258
0,020564	35,644727
0,023734	35,813234
0,026236	35,411410
0,299604	35,839158
0,014271	35,398448
0,006954	35,735461
0,006146	35,722499
0,004481	35,476221
0,064071	35,826196
0,065938	35,333638
0,124750	35,774348
0,266757	35,683613
0,110490	35,515107
0,064071	35,839158
0,094353	35,307714
0,017631	35,800272
0,035885	35,631765
0,046962	35,592879
0,095879	35,722499
0,104779	35,307714
0,027274	35,813234
0,029412	35,592879
0,026882	35,618803
0,038980	35,800272
0,234772	35,333638
0,049439	35,878044
0,034536	36,150247
0,034536	36,772425
0,021133	37,433489
0,006146	38,029743
0,020677	40,220329
0,050340	41,270254
0,023856	42,955320
0,081441	45,560691
0,139328	47,712390
0,084037	50,512192
0,020904	52,689815
0,082851	56,500656
0,094100	59,728205
0,050884	61,802132
0,343824	68,646091
0,160818	74,660480
0,167318	81,206313
0,108568	88,581718
0,131930	99,184674
0,515584	112,107840
1,560954	120,818341
1,063414	130,773202
0,738635	140,092924
0,220833	146,159171
0,464470	153,677171
0,690755	158,213896
0,377758	163,813512
0,324025	167,546591
0,268102	169,218699
0,371797	172,342560
0,734640	172,238864
0,810186	174,092441
0,689217	174,546114
0,878541	174,157252
0,514934	175,570119
0,525386	174,325759
0,337662	175,596043
0,580163	175,297915
0,535959	174,896090
0,598412	175,933057
0,484926	174,520190
0,602670	175,816398
0,472468	175,259029
0,550019	175,090522
0,640305	175,946019
0,492489	174,559076
0,632233	175,699739
0,648435	175,233104
1,307424	175,051635
0,711717	175,868247
0,700803	174,546114
0,582949	175,946019
0,343308	174,960901
0,578078	175,388649
0,339709	175,803436
0,835761	174,585000
0,487439	176,075640
1,265205	174,909052
0,486810	175,570119
0,353186	175,803436
0,974480	174,740545
0,517536	176,114526
0,562239	174,831280
1,803758	175,725664
0,144065	175,738626
0,271255	174,909052
0,297697	176,179337
0,262745	174,818318
0,684614	175,946019
0,545309	175,660853
0,741038	175,142370
0,327028	176,257109
0,658121	174,831280
0,233107	176,127488
0,403270	175,725664
0,569094	175,492346
0,400451	176,464502
0,875885	175,077559
0,328536	176,438578
0,840068	175,777512
1,106570	175,790474
1,245497	176,347844
1,260810	175,168294
0,419841	176,607085
0,655879	175,725664
0,499481	176,049716
0,498206	176,607085
0,330047	175,336801
1,063414	176,982986
0,596997	175,673815
0,473087	176,062678
0,664876	176,658934
0,326026	175,518270
0,633696	177,190379
0,550019	175,738626
0,535959	176,594123
1,036836	176,645972
0,643254	175,725664
0,785905	177,034834
0,822915	175,842322
0,512340	176,645972
1,532399	176,633009
0,437385	175,946019
0,567719	177,164455
0,222853	175,790474
0,924407	176,957062
0,430318	176,710782
0,988667	176,192299
0,570471	177,164455
0,212460	175,816398
0,493123	177,125569
0,236861	176,607085
0,063046	176,477464
0,360566	177,358886
0,585743	175,971943
1,424890	177,371848
1,061432	176,568199
0,417533	176,788554
0,533304	177,371848
0,374500	176,101564
0,632964	177,540355
0,311192	176,503389
1,045651	176,970024
0,268551	177,397772
1,171653	176,205261
0,610521	177,618128
0,729068	176,425616
1,210915	176,982986
2,089110	177,332962
0,639568	176,283033
0,303921	177,669976
0,921671	176,347844
0,222448	177,294076
1,099475	177,320000
1,695398	176,490427
0,221236	177,773673
0,445114	176,425616
1,656297	177,592204
0,360566	177,371848
0,184736	176,840403
0,432079	177,981066
1,577235	176,607085
0,996283	177,851445
0,474945	177,397772
0,460805	177,112607
0,799248	178,058839
0,625673	176,633009
0,371258	177,981066
0,533304	177,294076
0,812722	177,307038
0,944619	178,019952
0,492489	176,633009
0,760427	178,045877
0,914398	177,112607
1,936104	177,462583
1,624135	177,994028
0,307787	176,723744
1,700653	178,214384
0,381032	177,125569
0,283145	177,721825
0,607659	178,032915
0,270352	176,918175
1,382737	178,331043
0,799248	177,086682
0,253081	177,942180
1,040748	178,058839
0,875001	177,138531
1,146598	178,499550
1,067386	177,307038
1,105555	178,266232
1,137286	178,162535
0,776808	177,488507
1,048599	178,732867
1,454613	177,307038
1,029037	178,668057
0,290605	178,149573
0,702356	177,760711
0,585743	178,745829
1,138318	177,488507
1,394370	178,823602
1,518855	178,240308
1,332247	178,032915
1,612650	178,758791
1,177967	177,579242
0,944619	178,732867
0,860053	178,162535
0,678505	178,266232
1,507828	178,953223
2,400625	177,721825
0,954822	179,173578
0,237280	178,149573
0,786735	178,577322
1,169553	179,056919
0,635161	177,527393
0,887426	179,329123
0,806811	178,149573
0,915305	178,836564
0,898158	179,069881
1,526234	178,032915
0,577384	179,419858
0,509108	178,123649
0,463858	179,069881
1,320929	179,043957
0,407803	178,227346
1,756434	179,484668
1,416634	178,097725
4,634375	179,238388
0,318560	178,979147
0,535294	178,421777
1,648543	179,510592
0,611955	178,097725
2,041722	179,290237
3,971775	178,849526
1,191718	178,356967
1,472625	179,497630
0,249185	178,110687
1,139351	179,471706
2,652062	178,732867
0,860928	178,797678
1,119819	179,549479
3,815624	178,162535
0,721151	179,614289
1,054510	178,706943
1,327712	179,056919
2,857289	179,588365
2,431618	178,318080
0,995329	179,756872
1,794232	178,706943
0,335113	179,303199
3,830843	179,640213
2,219794	178,525474
1,356203	180,703104
2,484374	178,745829
2,068296	179,549479
0,298173	179,743910
0,208926	178,862488
1,371162	180,197583
2,373103	178,862488
0,853070	180,145734
1,889481	179,821682
1,491985	179,121730
1,454613	180,301280
1,045651	178,901374
0,983924	180,080924
0,483045	179,717986
1,049583	179,303199
0,782590	180,301280
1,167455	178,875450
0,860053	180,171659
1,367702	179,549479
1,218430	179,419858
3,423096	180,275355
0,949248	178,927298
2,029980	180,301280
1,248769	179,471706
1,584784	179,666137
2,239975	180,301280
1,073359	178,784716
0,871470	180,482749
0,376670	179,432820
1,583524	179,951303
1,549742	180,417938
1,549742	179,277275
2,799721	180,741990
0,807654	179,588365
8,196669	180,366090
2,332985	180,612370
2,290131	179,588365
1,539818	181,014194
3,269207	179,705024
4,945524	180,690142
1,329978	180,690142
1,123914	179,886493
2,774765	181,156777
1,910587	179,821682
1,622856	180,612370
0,486182	180,729028
5,012414	180,093886
1,170603	181,247512
1,122889	179,834644
2,269672	181,091967
3,598185	180,612370
1,544775	180,106848
3,989619	181,338246
1,423709	179,938341
1,126991	181,260474
3,560647	180,547559
2,195111	180,599408
1,661478	181,338246
0,795900	179,964265
0,308272	181,428981
0,578078	180,521635
2,502671	180,923460
1,913412	181,428981
10,818199	180,132772
3,748685	181,597488
0,523417	180,469787
5,240456	181,104929
1,420169	181,428981
2,454612	180,327204
1,496849	181,765995
0,952033	180,612370
4,925058	181,338246
1,043688	181,480829
9,294090	180,547559
6,539194	181,895616
1,711194	180,521635
13,853265	181,571564
1,946083	181,416019
3,192953	180,729028
1,741719	181,895616
1,275129	180,612370
3,646512	182,491872
3,604465	181,454905
2,930280	181,053081
1,827021	182,064123
4,075073	180,638294
2,864536	181,973389
8,253685	181,480829
10,762778	181,338246
5,121690	182,154858
1,277341	180,754953
3,324652	182,193744
10,305489	181,338246
14,711755	181,545640
2,134144	181,960427
7,811665	180,897535
1,409580	182,401138
7,988657	181,338246
1,092407	181,856730
7,113158	182,284479
18,565997	181,091967
1,924738	182,517796
7,804777	181,325284
8,444409	182,051161
5,981711	182,271517
2,828414	181,208626
4,364350	182,647417
1,679691	181,325284
5,082489	182,271517
14,627997	182,271517
3,965097	181,428981
3,204611	182,712228
7,273097	181,312322
3,824316	182,375213
1,745724	182,193744
5,488746	181,649337
7,306023	182,764076
11,939470	181,377133
3,183258	182,621493
4,942962	182,193744
9,881363	181,986351
8,748873	182,945545
3,564806	181,506754
7,087265	182,880735
4,244800	182,193744
16,129613	182,232630
21,281189	182,984432
14,607108	181,636374
1,861563	183,075166
12,377958	182,051161
11,054773	182,569645
4,242477	183,023318
0,945544	181,753033
8,200225	183,191825
14,917264	182,103010
11,994276	182,738152
1,780676	183,010356
6,299748	181,882654
4,235513	183,321446
16,034934	182,077085
10,326178	182,945545
13,578073	183,049242
8,920681	182,128934
7,045321	183,476991
4,275073	182,128934
3,573132	183,165901
16,854651	183,062204
3,406900	182,388176
5,168986	183,606612
8,752585	182,154858
6,074833	183,373294
4,750788	182,984432
5,961465	182,608531
1,669269	183,593650
5,059061	182,193744
5,379885	183,580688
2,573301	182,945545
6,263883	182,854811
28,609798	183,710308
5,158452	182,323365
10,665187	184,073247
12,712604	182,893697
1,677082	183,114052
7,276385	183,801043
6,765639	182,465948
9,410425	183,904740
4,600054	182,880735
4,369082	183,386256
10,728766	183,801043
13,697702	182,595569
6,066063	184,008437
5,147931	182,815924
22,749152	183,554763
19,249559	183,749195
14,690785	182,660379
10,771292	184,073247
5,875196	182,751114
16,258309	183,710308
15,151430	183,671422
11,609658	182,867773
18,812624	184,125095
7,492210	182,725190
17,809443	183,878816
12,556322	183,606612
9,893432	182,984432
13,647771	184,047323
11,211468	182,686304
10,388410	183,969550
10,737263	183,619574
10,559779	183,386256
26,928750	184,358413
10,313761	183,062204
8,386530	184,410261
3,206556	182,997394
17,295399	183,839929
18,260812	184,488034
12,201295	183,127015
25,851746	184,578768
8,546327	183,619574
15,060666	184,021399
17,595498	184,552844
9,813153	183,295522
31,133591	184,747276
2,789009	183,619574
5,477797	184,267678
17,062467	184,565806
12,903774	183,451067
17,342242	184,850972
29,662529	183,580688
15,835676	184,423223
12,855802	184,552844
12,438786	183,645498
8,495268	184,993555
15,442185	183,580688
16,085011	184,656541
26,542872	184,513958
9,465042	183,839929
13,853265	185,058366
12,812730	183,645498
16,124034	185,939788
25,438494	184,708389
29,798093	184,138057
14,943750	185,175025
24,403047	183,736233
14,208892	185,032442
16,096154	184,449148
21,776771	184,215830
5,061661	185,226873
4,950649	183,826967
6,945954	185,200949
8,935725	184,358413
7,849620	184,604693
24,440049	185,226873
10,951122	183,904740
22,301033	185,395380
19,553125	184,345451
28,609798	184,850972
15,868769	185,278721
15,935095	184,112133
16,946801	185,576849
45,910978	184,384337
13,939076	185,576849
17,027711	185,330570
23,224835	184,345451
6,066063	185,732394
37,884149	184,397299
23,067898	185,395380
7,465425	185,343532
38,417911	184,617655
22,961312	185,823129
16,461135	184,410261
24,849616	185,550925
24,812189	185,265759
19,249559	184,760238
30,061963	185,887939
26,558548	184,410261
13,677715	185,771281
21,715251	185,278721
18,437401	185,032442
27,736274	185,991636
16,540471	184,552844
26,176334	185,965712
28,742026	185,213911
31,054937	185,291683
14,409661	185,926826
13,454207	184,695427
28,322011	186,134219
13,883511	185,175025
28,618050	185,589811
16,034934	186,108295
28,932842	184,889859
20,189484	186,289764
13,508615	185,136138
10,912421	185,797205
21,633408	186,108295
46,198095	185,006517
12,693592	186,458271
37,924252	185,175025
22,685767	186,069409
35,416605	186,121257
22,961312	185,200949
42,107377	186,536044
21,019607	185,149100
18,633599	186,250878
29,925571	186,056447
14,487385	185,408342
39,254010	186,626779
17,483288	185,576849
19,950029	186,549006
24,477090	186,069409
26,347469	185,693508
24,506750	186,743437
13,155158	185,317607
48,480901	186,613816
29,367469	186,017560
26,723521	185,965712
34,685489	186,756399
19,111501	185,330570
35,945333	186,756399
26,222931	185,836091
43,758435	186,095333
11,396139	186,769362
27,639470	185,460190
27,890025	186,976755
20,555614	185,900902
19,763704	186,510120
33,383114	186,911945
35,819870	185,758319
28,791720	187,184148
22,093069	186,017560
29,687915	186,717513
29,032744	186,963793
9,978191	185,913864
38,712173	187,326731
27,671712	185,991636
28,207457	187,287845
52,233308	186,924907
16,906444	186,147181
22,664665	187,404504
31,423167	186,004598
41,335643	187,158224
36,304090	186,847134
38,864992	186,354575
24,707601	187,482277
27,963059	186,017560
25,415670	187,300807
43,151920	186,769362
17,016137	186,561968
40,542299	187,495239
25,271441	186,069409
21,769930	187,482277
56,542352	186,691589
47,523294	186,989717
35,656262	187,573011
22,370650	186,263840
36,812482	187,754480
49,476094	186,730475
43,437899	187,015641
33,603929	187,650784
72,632196	186,406423
53,715495	187,845215
30,053426	186,704551
12,321987	187,352656
24,969640	187,663746
36,265186	186,536044
29,199776	187,974836
19,438909	186,639741
45,465571	187,534125
43,283746	187,560049
24,469678	186,665665
38,387559	188,052609
45,682185	186,652703
34,628963	187,741518
30,776391	187,573011
38,824199	186,976755
40,974665	188,169267
30,336033	186,691589
36,158349	187,961874
36,518580	187,534125
56,808044	187,067490
43,858247	188,208154
65,694739	186,756399
40,416357	188,104457
30,585894	187,417466
18,726053	187,365618
36,177758	188,169267
30,577255	186,756399
48,361953	188,208154
44,831310	187,300807
29,317092	187,585973
35,311512	188,208154
12,674599	186,886020
26,168573	188,376661
60,829869	187,274883
46,927198	187,871139
33,364759	188,506282
51,372792	187,184148
56,635245	188,545168
30,370412	187,300807
56,158652	188,130381
48,338188	188,324812
44,471666	187,054528
85,011218	188,752562
46,152072	187,365618
18,115540	188,363699
30,130319	188,285926
39,832230	187,508201
43,393817	188,843296
51,372792	187,482277
43,294745	188,648865
38,115144	188,363699
39,645731	187,884101
35,954996	188,998841
28,618050	187,560049
61,601275	188,882182
40,248859	188,285926
42,442725	188,065571
27,768594	189,258083
34,160391	187,702632
74,211086	188,985879
26,339674	188,182229
29,241637	188,324812
41,978062	189,011803
46,810934	187,637822
44,921538	189,102538
37,854091	188,039646
44,774982	188,493320
37,137670	188,972917
30,181657	187,715594
69,915044	189,167348
45,511114	188,026684
46,532722	188,700713
42,823579	188,985879
53,409079	187,897063
44,415655	189,361780
50,595836	188,078533
36,284634	189,024765
57,476118	189,115500
36,635944	188,195192
40,416357	189,543249
47,582018	188,195192
49,766508	189,309931
56,251101	189,076614
73,586227	188,428509
49,705906	189,387704
41,186738	188,208154
26,402082	189,465477
55,632422	188,998841
51,372792	188,661827
45,945366	189,672870
50,387602	188,208154
43,371787	189,582135
45,476954	188,921069
51,995352	188,895145
54,914530	189,711756
61,319970	188,311850
52,208224	189,802491
41,218614	188,856258
47,876403	189,167348
52,346290	189,802491
60,217667	188,506282
52,736763	190,009884
38,256228	188,908107
25,022276	189,543249
38,651163	189,958036
45,670766	188,778486
40,311614	190,126543
67,450668	188,998841
27,575063	189,776567
46,706468	189,893226
40,742267	188,882182
73,187642	190,256164
49,210926	188,921069
37,914224	189,906188
40,805557	189,815453
25,667514	189,037728
37,058654	190,308013
24,677774	188,869220
25,362468	190,048771
39,666423	189,750643
45,317777	189,271045
58,001040	190,282088
47,841010	188,908107
45,091056	190,269126
74,839695	189,685832
43,902659	189,530287
24,536435	190,463558
52,434283	189,141424
73,235392	190,450596
36,197174	189,672870
69,761107	189,854339
27,015902	190,606141
40,186172	189,245121
44,898969	190,748724
27,954938	189,763605
18,541456	190,191354
30,096128	190,696875
52,371420	189,478439
37,634174	190,956117
55,357543	189,789529
51,447221	190,437634
55,148755	190,722800
52,585371	189,646946
63,696868	191,046852
70,270011	189,750643
37,504642	190,632065
40,311614	190,645027
39,428919	189,763605
51,608745	191,098700
38,044738	189,646946
33,190728	190,800572
37,375420	190,580217
40,311614	189,958036
25,545195	191,150549
48,445195	189,698794
52,711510	190,956117
42,421034	190,515406
36,352760	190,191354
52,446862	191,254245
32,410866	189,595097
46,324823	190,826496
41,197361	190,346899
30,620469	190,619103
45,830809	191,344980
38,428032	189,996922
50,681755	191,267207
25,301758	190,359861
43,382801	190,696875
26,928750	191,306094
38,549629	190,048771
31,617249	191,565336
37,684077	190,424671
20,972889	190,995004
30,113220	191,357942
28,093222	190,204316
39,676772	191,643108
56,847974	190,308013
28,322011	191,059814
48,516625	191,448677
38,145346	190,411709
33,992787	191,837540
41,144262	190,580217
23,289246	191,526449
28,281062	191,422753
33,844285	190,670951
28,966116	191,993085
52,321168	190,528368
52,170614	191,720881
51,770624	191,409790
36,910814	190,956117
32,618177	192,070857
26,668452	190,696875
62,024936	191,980123
37,108025	191,370904
47,570269	191,228321
37,266320	192,122706
43,097075	190,670951
40,584341	191,967161
28,494442	191,267207
36,684924	191,435715
40,942920	192,135668
18,073317	190,761686
19,451577	192,252327
20,144032	191,241283
32,654325	191,707919
26,207393	192,187516
46,602166	190,917231
29,291925	192,394910
27,695911	191,215359
18,590561	191,902350
22,847993	192,135668
30,698362	191,033890
12,003427	192,291213
23,991242	191,137587
32,999111	192,044933
22,517330	192,070857
18,769305	191,228321
23,110626	192,420834
38,498931	191,098700
31,794406	192,304175
19,186722	192,070857
29,781124	191,435715
19,795744	192,602303
18,942989	191,137587
41,763154	192,433796
23,903623	191,915312
25,998239	191,617184
27,254577	192,615265
32,312040	191,163511
27,881919	192,563417
26,849688	191,850502
28,552080	191,889388
29,832050	192,615265
12,349951	191,357942
12,937425	192,783772
47,876403	191,850502
21,213906	192,148630
26,936665	192,731924
33,035550	191,461639
18,309411	192,900431
30,603178	191,811615
27,414498	192,407872
36,920657	192,809697
30,741694	191,643108
43,140947	193,133749
22,989702	191,902350
27,254577	192,770810
13,331101	192,939318
22,925858	191,980123
22,742104	193,380029
20,713902	192,031971
24,101076	193,068939
16,247090	193,004128
23,267762	192,563417
20,999576	193,574460
14,010010	192,057895
23,039442	193,250408
15,786124	192,900431
17,636961	192,472682
37,137670	193,496688
14,142389	192,109744
20,345848	193,470763
33,364759	192,887469
27,526826	192,744886
23,124881	193,600384
14,880236	192,161592
17,726034	193,561498
44,069483	192,796735
18,565997	193,043014
31,467204	194,028134
31,238677	191,811615
26,145301	193,600384
16,444168	192,706000
15,044687	193,172635
41,978062	193,613347
16,917968	192,343061
42,075022	193,846664
16,958344	192,602303
31,238677	193,367067
15,654497	193,626309
29,764162	192,485644
18,443511	193,950361
15,714734	192,615265
19,199278	193,626309
19,975822	193,613347
7,835804	192,744886
23,368138	194,015171
30,044890	192,628227
21,274454	193,846664
33,807230	193,613347
20,839801	193,055976
23,082134	194,274413
14,435538	192,809697
4,009754	194,105906
16,444168	193,600384
12,294065	193,315218
12,665109	194,326262
19,859931	192,887469
22,405514	194,326262
26,699911	193,652233
18,037179	193,781854
9,578843	194,455883
31,758920	193,081901
13,164892	194,533655
26,984188	193,781854
11,875740	193,924437
3,163925	194,468845
11,623091	193,133749
13,449269	194,650314
11,862114	193,483726
12,631934	194,067020
27,687843	194,442921
32,636247	193,276332
16,146361	194,728087
19,230693	193,457801
16,314479	194,339224
21,200467	194,455883
11,825827	193,483726
22,840923	194,857708
17,625108	193,600384
13,717708	194,507731
6,768776	194,326262
8,856931	193,600384
25,514678	194,896594
13,145430	193,457801
25,774872	194,702163
4,088670	194,391072
14,554973	193,937399
14,451079	195,091025
12,354616	193,665195
7,306023	195,026215
15,023399	194,442921
23,512045	194,326262
15,188911	195,933562
18,498562	193,755930
37,834062	195,402116
17,097271	194,300338
10,843842	195,181760
17,004567	195,855789
8,939489	193,742967
12,980777	195,376192
3,982922	194,352186
7,542603	194,831784
6,993920	195,298419
16,506438	194,054058
10,648275	195,544699
24,351308	194,404034
5,237798	195,026215
16,574551	195,246571
24,167142	194,144792
10,677883	195,544699
10,994231	194,196641
21,240802	195,933562
10,079721	195,220646
7,210804	194,391072
9,190203	195,726168
3,991853	194,468845
14,060826	195,246571
4,052473	195,103988
7,016378	194,507731
11,944031	195,661358
6,815942	194,287375
7,627082	195,635433
15,231822	195,129912
6,066063	194,870670
20,906273	195,894675
2,634815	194,481807
5,721954	195,868751
11,453707	195,103988
11,418257	195,155836
27,744352	195,959486
6,709337	194,741049
11,944031	195,790979
2,056459	195,091025
9,344384	195,389154
7,415370	195,933562
21,790459	194,624390
5,527180	196,166879
6,365847	195,000291
12,841434	195,596547
8,939489	195,933562
7,253388	194,792897
6,272836	196,244652
4,166270	194,974367
3,598185	195,855789
3,998560	195,946524
2,873612	194,961404
6,591480	196,179842
12,990424	195,116950
3,114003	196,037258
4,871593	195,881713
6,678190	195,181760
4,023213	196,413159
4,129637	195,013253
3,026895	196,283538
4,433276	195,894675
8,800930	195,466926
10,959735	196,581667
17,995080	195,116950
4,258755	196,490932
4,115953	195,855789
5,382589	195,778017
5,840916	196,659439
12,127418	195,207684
2,522726	196,698325
16,780029	195,816903
12,927804	196,037258
11,989703	196,737212
14,025242	195,363229
4,247124	196,918681
8,090462	195,803941
2,247766	196,335387
19,262143	196,814984
3,368628	195,622471
2,246207	197,087188
5,439585	195,842827
5,431419	196,581667
5,932618	196,814984
4,971183	195,726168
3,727252	197,151999
2,290131	195,803941
11,533735	196,776098
2,844634	196,737212
7,155365	195,907638
4,038952	197,203847
4,701025	195,415078
8,958323	197,631596
11,776053	196,763136
1,510274	196,011334
4,052473	197,255696
7,725851	195,765054
11,934910	197,139037
3,226053	196,555742
4,411812	196,776098
6,734322	197,281620
5,027933	195,829865
2,123583	197,229771
2,959799	196,490932
3,344596	196,659439
3,443410	197,359392
4,705986	195,972448
7,637261	197,450127
3,953982	196,400197
2,846439	196,776098
2,578392	197,346430
2,159925	196,037258
0,805968	197,514938
11,744452	196,322425
1,869912	197,022378
3,527488	197,333468
5,320608	196,192804
2,828414	197,644559
5,607344	196,335387
8,086937	197,268658
2,059414	197,281620
1,189596	196,361311
8,568272	197,722331
2,185898	196,335387
2,348981	197,294582
1,513948	197,216809
1,933258	196,516856
1,655003	197,800104
1,443870	196,348349
1,611377	197,618634
2,387649	197,242734
2,638259	196,879795
1,477451	197,994535
4,833633	196,529818
0,918940	197,942687
4,743302	197,294582
2,113054	197,268658
1,389709	198,176005
3,138902	196,789060
1,050567	198,201929
1,326580	197,424203
6,582233	197,670483
4,649133	198,344512
1,132131	197,009416
1,532399	198,448209
2,904602	197,385317
4,198493	197,877876
3,364615	198,305626
2,229094	197,087188
2,192037	198,551905
4,228556	197,151999
0,846121	197,942687
2,985780	198,240815
1,811948	197,139037
2,792577	198,551905
5,363676	197,164961
5,601792	198,163043
7,664448	198,085270
3,314708	197,268658
1,279555	198,616716
3,133145	197,139037
1,777973	198,370436
9,512023	198,020459
0,949248	198,072308
4,476405	198,668564
2,107052	197,190885
0,988667	198,487095
0,954822	197,942687
1,277341	197,631596
0,406100	198,824110
0,974480	197,359392
1,490771	198,824110
3,138902	198,033422
2,652062	198,111194
0,468767	198,888920
0,757175	197,489013
0,651407	198,966693
2,371490	197,916763
2,218246	198,318588
3,471976	198,850034
0,737035	197,527900
2,841024	199,044465
0,795064	197,903801
0,460805	198,500057
1,652417	198,850034
2,134144	197,709369
1,052538	199,187048
0,749081	197,877876
1,903536	198,901882
1,004892	198,850034
1,511498	197,864914
0,822915	199,264821
1,259712	197,864914
0,665629	198,927806
0,614828	198,655602
1,548500	198,292663
0,654386	199,355556
1,807850	197,968611
1,237882	199,368518
2,208974	198,862996
1,053524	198,500057
1,715157	199,588873
2,162971	198,124156
1,008732	199,549987
1,512723	198,850034
4,005274	198,798185
1,260810	199,692570
2,321827	198,137118
1,720449	199,718494
0,505887	198,811147
0,386525	199,096314
0,420419	200,586955
1,721774	198,409322
1,107586	199,938850
0,748274	198,824110
2,179770	199,368518
2,210518	199,809229
0,931727	198,551905
1,245497	200,055509
1,389709	198,772261
2,534471	199,575911
0,647694	199,757381
0,667891	198,707451
1,532399	200,172168
2,541198	198,811147
1,227053	199,459252
2,423438	199,744419
0,670913	198,914844
1,353911	200,236978
0,719574	198,798185
1,791516	199,977736
0,883865	199,770343
0,297221	199,135200
0,387076	200,301789
1,395536	198,862996
1,154914	199,912926
0,773515	199,264821
2,408757	199,355556
0,596290	200,379561
0,959481	198,914844
0,221236	200,366599
0,876770	199,562949
0,664876	199,692570
0,277622	200,470296
0,329543	199,044465
0,488699	200,599917
0,466309	199,537025
0,458979	199,938850
1,272920	200,496220
1,836653	199,187048
1,155956	200,807311
2,491018	199,511101
0,224477	200,185130
0,317079	200,535107
0,258767	199,394442
1,187477	200,872121
0,294375	199,511101
1,285100	200,405486
2,102558	200,470296
0,986768	199,549987
0,890995	200,962856
0,290135	199,549987
0,757987	200,664728
1,392038	200,327713
0,297697	199,705532
1,482286	200,898045
0,444517	199,692570
1,181132	200,625841
0,633696	200,379561
0,586443	200,055509
0,282221	201,079515
0,188408	199,601835
0,388181	200,975818
0,992470	200,275865
1,050567	199,964774
0,803444	201,092477
0,408372	199,666646
0,771051	201,131363
1,213059	199,796267
0,348487	200,457334
3,224100	201,092477
0,654386	199,718494
0,232692	201,248022
0,136838	200,146244
0,195117	200,703614
0,238120	201,092477
0,927148	199,861077
0,265416	201,364681
0,541959	200,081433
0,153138	200,885083
1,227053	201,066553
0,491856	200,042547
0,236024	201,468378
0,726687	200,003661
0,236024	201,170250
1,162220	201,105439
0,235189	200,327713
0,821211	201,675772
0,408372	200,172168
1,004892	201,468378
0,601248	201,079515
0,111042	200,599917
0,982031	201,792430
0,809341	200,327713
0,432666	201,546151
0,800086	201,053591
0,854813	200,898045
0,547998	201,935014
0,995329	200,483258
0,595583	201,947976
0,439162	201,079515
0,809341	201,170250
1,180077	201,870203
0,330552	200,548069
0,515584	202,038710
0,297221	200,975818
0,497569	201,455416
0,533967	202,051672
1,375785	200,690652
0,203879	202,207218
0,395405	200,988780
1,235712	201,688734
0,825475	201,973900
0,434432	200,820273
0,565661	202,272028
0,218422	200,911008
0,846121	201,870203
0,461415	201,831317
0,856557	200,885083
0,343824	202,272028
0,301039	200,768424
0,325025	201,909089
0,552045	201,675772
0,377758	201,001742
0,903552	202,259066
0,507174	200,768424
0,464470	202,051672
0,273066	201,572075
0,136838	201,248022
0,207366	202,284990
0,166627	200,807311
0,894572	202,090559
0,251779	201,442454
0,409511	201,416530
0,410081	202,310914
0,457156	200,820273
0,614109	202,272028
0,834041	201,559113
0,098194	201,610961
