36,733948
33,145035
37,544465
73,171731
38,266319
70,843717
69,761107
57,637275
41,655989
68,705468
37,216803
45,102374
21,362120
50,204367
63,985817
58,055068
46,822551
47,876403
48,480901
58,883397
86,471173
20,339317
43,636659
62,635762
43,947102
44,853855
48,898833
57,074614
35,292427
68,068466
49,875720
51,298438
52,358854
46,382507
42,823579
50,009431
48,397616
51,422403
56,794739
54,010300
64,712235
40,584341
72,158481
57,087966
39,676772
53,971783
62,607258
76,386701
57,947047
58,379982
63,668024
75,195954
71,077243
46,428691
58,583703
72,111230
50,228771
48,290683
47,935433
56,954549
39,182146
38,458406
59,692453
59,417325
71,358191
34,478538
48,480901
70,053793
42,464424
41,816809
71,436372
48,934773
53,218194
65,797993
51,745696
38,034687
59,197867
41,945777
58,747039
50,681755
67,465689
76,501580
34,207049
65,194848
48,065478
63,682445
76,929346
69,086631
33,696233
36,960048
50,669474
70,084652
57,168122
41,913509
55,279183
55,606201
62,493333
59,060996
88,293808
64,697650
36,871460
54,474014
64,581052
34,779842
44,013826
36,733948
51,261289
36,665326
72,079741
52,045385
68,766354
54,758769
42,486131
33,163307
39,811478
45,625111
37,355567
34,123096
80,583028
59,871767
66,464506
46,648502
55,122695
47,125312
77,574172
42,399350
43,802776
50,804673
73,826115
37,315883
50,583571
49,912162
61,305929
41,666697
68,766354
76,715252
74,275386
80,907189
72,300365
59,623587
54,849592
66,881625
64,362832
48,874883
54,486935
39,666423
56,914567
48,516625
42,812665
35,637048
37,884149
70,331874
65,694739
21,653849
61,011583
55,070602
34,029983
48,827009
27,166895
30,611823
50,694037
27,776678
42,312693
42,681842
47,852806
77,673715
58,692558
45,431435
65,194848
46,613747
39,769996
72,253048
51,472048
46,694871
66,523982
50,021598
60,662472
54,797680
67,405620
37,614226
62,749870
58,570106
82,195819
62,251727
51,633626
54,023143
44,069483
55,553787
50,767776
29,250014
78,289566
36,684924
65,326910
69,515307
64,261174
73,618180
50,021598
78,456605
49,985101
54,823631
70,038366
32,636247
47,617277
51,783091
61,432383
44,270255
61,053571
51,472048
54,125967
50,228771
66,479371
38,428032
53,053148
63,769019
69,961272
59,006310
65,694739
23,490420
61,151623
38,610527
63,164743
44,820041
50,119017
70,007521
58,001040
88,712651
46,083098
81,352277
61,996628
36,724140
62,550277
61,940040
69,884237
53,141974
57,987539
54,577441
42,692733
39,470153
68,690253
62,152434
59,417325
54,927524
61,756380
42,812665
43,404834
53,091203
50,436544
43,064191
41,027612
51,224159
34,572500
40,227956
42,399350
68,340953
57,208229
35,752439
68,431953
74,888205
65,503286
45,000591
74,259307
39,398013
68,690253
53,358129
51,100530
70,828168
59,307525
62,964219
52,863158
78,272876
42,856335
40,416357
65,886587
22,982602
39,418615
80,651195
41,978062
69,438620
55,698010
56,449566
63,552740
44,080620
42,878181
59,664900
62,607258
72,253048
53,677125
38,095019
58,312187
62,607258
49,512330
48,552368
41,218614
55,174823
56,079495
32,150776
41,967298
37,654130
66,956304
59,913201
52,484612
45,476954
56,542352
52,446862
71,248840
57,101320
47,900009
65,165527
53,920457
39,563038
29,241637
46,776094
34,235065
71,812483
55,213942
53,702703
58,706175
77,856445
45,522505
68,144079
57,570088
61,996628
77,259549
39,008000
48,326309
50,743188
29,283540
42,583908
64,232149
49,924313
40,879482
50,522273
50,094650
63,740151
80,276779
56,555616
60,648537
31,785531
57,758351
58,815190
57,168122
46,463350
64,624759
47,101974
70,657289
46,985406
73,922224
47,782062
44,989292
73,219473
55,671768
29,116177
38,326906
28,142141
60,509310
56,423076
45,045808
62,194975
68,492668
72,426650
40,259313
47,312305
30,422032
37,574352
55,435982
44,527727
70,688336
57,395659
71,092830
42,269410
57,234978
65,694739
82,092196
49,669571
57,061265
56,119064
46,498027
65,517999
67,796747
67,525797
50,804673
55,148755
58,461410
53,421821
45,408687
82,403344
77,209955
52,032874
65,930916
46,729669
57,395659
46,555862
43,294745
66,390215
66,821923
28,477989
53,281769
56,251101
51,286053
44,808773
55,527593
67,555864
52,597975
69,730348
55,895101
50,657196
57,543228
51,211787
72,048263
79,481025
53,869165
48,659707
43,680914
62,536037
47,488083
49,985101
38,195719
57,771815
43,272750
49,936467
49,066710
38,044738
38,468535
65,827515
38,105080
73,826115
36,003341
49,247027
66,226980
50,265393
60,815907
60,983602
40,447817
59,582294
58,339298
70,007521
29,199776
56,568882
46,950475
59,047321
32,025734
41,688118
43,108040
59,541022
34,169719
54,551571
46,625330
35,964662
53,753883
45,853705
69,193624
68,720686
55,135724
68,523039
67,872148
50,033768
57,382257
63,265174
56,224676
41,261143
48,160211
56,847974
70,161843
49,742261
55,947742
28,692391
69,469287
67,105840
65,356283
65,356283
66,836845
65,576875
42,540432
38,438155
45,705028
40,102695
65,326910
36,226311
56,555616
60,148375
38,175564
55,383681
48,006336
66,538856
33,788713
44,718704
42,834496
39,182146
46,463350
33,733204
45,000591
53,715495
76,912862
52,736763
23,504835
41,186738
48,540452
44,673717
66,212154
45,739308
46,869041
76,173679
67,225639
35,694711
56,847974
34,685489
55,579990
52,572768
62,407985
52,333728
46,347891
70,937062
59,541022
64,290207
61,053571
56,754836
37,654130
41,506279
36,420975
51,112883
48,767212
68,144079
56,754836
34,732643
49,536498
45,636522
48,219486
60,467586
55,122695
49,985101
42,518706
42,867257
61,855226
74,839695
59,678675
57,395659
72,758891
54,512783
26,818108
39,387715
56,092683
50,302034
42,638296
57,502956
46,927198
53,830718
54,151695
79,869733
53,091203
65,783235
71,014916
57,960542
50,927800
63,007150
55,070602
69,208919
55,070602
50,473273
55,789925
60,148375
38,246138
33,484196
59,775166
33,705473
51,820505
73,155822
51,745696
39,243738
49,778634
50,240976
54,940520
47,148657
47,253814
52,812575
58,583703
61,418324
70,254551
57,529802
50,045941
54,616261
76,616582
50,890840
65,370972
56,621968
67,165721
54,745803
70,285473
52,547570
56,542352
34,855453
54,940520
59,527269
55,750520
58,461410
62,864125
47,782062
60,620673
63,668024
65,429755
59,940835
43,316747
39,728544
55,855644
62,735599
41,655989
46,880668
46,845792
64,000288
54,901538
41,442233
54,862575
33,511800
61,095580
60,162229
47,230432
60,955630
75,195954
54,035989
65,429755
61,855226
73,474469
48,361953
64,000288
39,904922
48,946757
51,995352
22,203817
63,021465
57,168122
46,962117
54,979522
46,117576
50,253184
25,339690
44,203260
21,456805
84,041854
49,815026
36,822307
54,344925
54,914530
39,604370
41,218614
36,138948
43,217798
38,438155
56,449566
48,695523
51,559007
68,431953
58,638112
74,742741
58,028050
40,008928
56,861288
76,271945
79,312440
68,128952
57,476118
55,435982
50,204367
54,603319
66,286305
60,273142
41,356945
82,715329
64,522809
80,378770
60,955630
50,106832
69,392637
56,462815
52,837862
54,745803
72,806442
42,965645
61,657645
57,839168
58,692558
52,308610
56,119064
40,773903
56,529090
66,702634
49,802893
50,792372
59,568535
57,947047
51,720777
39,563038
63,236468
57,449290
57,947047
62,124085
72,648024
31,803281
62,621509
59,871767
53,651556
54,979522
55,213942
39,863373
67,917416
55,213942
41,186738
67,751536
57,785281
50,424306
73,283163
67,992911
50,070291
62,379554
48,874883
41,967298
28,420455
65,282868
46,002719
33,881368
56,502573
76,682352
23,729041
77,325710
35,035484
57,301890
64,319250
36,979755
57,570088
76,830481
57,449290
46,625330
57,194858
49,102737
46,014196
33,026438
45,000591
49,415741
52,258400
72,001063
67,435650
63,725721
45,670766
40,510788
53,830718
65,429755
54,538640
38,783436
32,428857
72,965104
46,037155
66,598379
68,949241
43,053234
28,101371
51,571439
77,623932
94,592331
52,195685
34,450384
47,499818
73,092210
35,858441
53,536602
50,192167
37,744022
50,632646
52,170614
58,992644
18,103470
69,484625
65,194848
73,698106
55,462146
73,890178
46,694871
71,420731
68,888240
42,714522
54,048837
57,208229
39,645731
41,945777
42,823579
35,321057
60,037624
63,610363
36,675124
44,449256
60,300892
42,150543
61,657645
63,380090
31,626091
61,207703
76,616582
49,681680
66,123251
66,926425
75,001482
60,481492
55,606201
57,866124
70,610736
56,039946
69,331359
68,949241
71,170805
69,071356
42,139749
70,843717
56,582150
58,325741
65,753727
54,888548
69,270120
58,610903
64,858214
73,426609
50,338694
57,623833
57,623833
59,047321
63,121735
60,439781
37,974422
64,058198
54,344925
45,750739
54,732839
56,356888
28,191118
45,408687
61,446445
53,421821
39,811478
18,163877
74,050509
64,188630
41,410236
56,582150
57,704517
37,914224
54,306241
43,858247
54,280461
33,696233
45,888063
70,038366
59,143092
35,387922
47,617277
44,013826
69,071356
38,266319
67,390609
49,875720
54,113107
62,039093
54,525710
41,913509
22,503332
74,694298
61,770494
41,773881
43,891553
38,803814
41,495600
40,605373
73,746091
56,608693
42,161340
45,147662
50,583571
51,409997
65,532714
59,006310
56,714952
59,968477
62,721330
40,207060
55,396753
40,416357
64,406434
51,571439
61,081575
24,759857
37,514595
38,814006
41,112426
64,319250
55,724260
63,523942
70,781536
50,363144
64,101655
39,604370
57,960542
63,581547
60,648537
54,100249
38,702000
56,582150
61,151623
45,374581
42,616535
58,014544
57,893090
71,671277
61,968330
57,771815
36,881296
60,523222
52,396559
62,081579
25,430885
31,573067
46,129072
54,823631
44,125189
73,666128
66,717537
47,429440
63,855676
47,959059
36,333287
42,193740
52,977094
77,524434
63,050102
60,259270
39,048927
70,859269
48,528537
42,399350
21,872706
60,245400
57,839168
79,920534
53,460063
73,203556
37,844076
69,254816
36,675124
38,367334
53,243617
41,176116
60,997591
46,729669
64,785195
34,319209
38,630841
51,583872
64,566488
37,415147
53,129278
64,029239
57,771815
46,002719
37,117905
40,763356
45,533898
32,258223
56,317201
59,733799
66,851769
63,451987
74,339725
50,192167
57,825693
39,470153
50,657196
57,920064
41,698832
76,075504
45,397317
74,259307
50,841589
20,939563
53,702703
55,396753
61,039573
62,294315
43,064191
66,301142
46,938836
42,323518
54,642152
49,174845
44,561388
64,435514
46,405595
55,357543
50,878524
27,103249
37,954349
49,367495
56,013591
62,039093
64,029239
70,007521
40,900620
67,315587
52,901118
53,319939
52,850509
50,338694
44,595066
64,712235
49,186870
43,360775
63,913493
47,370847
48,958743
60,564974
35,627444
54,100249
54,035989
70,424741
47,277205
57,704517
68,356114
66,494239
43,426876
44,808773
49,754383
58,610903
65,194848
70,053793
46,198095
75,634823
36,090476
58,910695
68,401610
38,115144
63,078749
58,028050
46,648502
64,058198
62,721330
56,914567
48,243210
74,807367
82,109460
67,510766
58,992644
64,217641
51,646070
55,148755
61,067572
50,964779
33,126770
48,160211
50,167776
62,564519
59,761375
58,001040
62,764144
54,409443
46,324823
49,536498
48,659707
65,429755
79,447287
59,280097
36,372241
48,659707
59,088352
67,841980
65,019059
50,082469
62,578763
39,202669
49,985101
60,037624
59,225268
54,538640
80,429800
57,502956
54,474014
79,295596
62,849835
84,763721
43,031325
51,125239
43,537200
48,302556
61,025577
61,615364
39,274559
41,613176
60,899714
55,240032
37,514595
58,014544
72,174236
59,788959
46,521155
58,325741
63,567142
55,213942
45,979772
48,231347
53,460063
71,092830
50,277605
46,106081
73,714098
62,436425
45,420060
40,165292
47,160333
47,324010
58,312187
55,226985
63,552740
45,910978
67,766604
71,264454
49,524413
55,829350
44,494085
32,636247
47,394278
42,356006
61,982478
62,422204
59,088352
66,301142
34,104460
58,203829
60,495400
64,916671
51,583872
58,203829
49,138781
66,049229
56,741539
48,707466
42,399350
50,940124
61,039573
46,313292
69,684228
65,945697
49,512330
72,632196
66,375363
55,645535
33,017327
68,325795
49,754383
72,600547
49,778634
58,583703
55,593095
42,638296
28,609798
60,509310
47,994514
42,736318
45,853705
39,852990
44,438053
43,725200
34,544293
54,370726
62,707063
68,523039
50,694037
42,345175
53,587672
52,409132
42,736318
68,735906
44,786244
57,047918
51,199417
57,181488
74,146826
42,605658
69,270120
64,566488
63,696868
61,362108
55,449063
43,404834
63,985817
52,321168
37,534507
41,967298
49,718023
40,531794
44,102901
48,124671
44,069483
62,721330
33,154170
74,243231
61,474576
60,829869
53,307214
37,226702
36,304090
46,613747
48,504715
52,875809
47,970875
47,405997
65,930916
64,043717
64,581052
52,926435
38,783436
52,610581
64,960538
44,910252
43,173871
44,595066
59,307525
65,341595
55,305294
68,964497
48,659707
77,375357
38,509067
51,658516
38,681660
54,862575
62,422204
63,279530
60,551054
55,501408
52,774659
38,256228
68,568614
41,549015
52,270949
44,989292
44,966699
33,172446
53,523840
49,900013
55,619310
62,152434
56,000417
61,474576
53,460063
41,945777
41,293060
62,792699
37,206905
37,714041
27,150974
32,871793
54,719877
61,123597
66,747350
69,822653
34,988045
65,326910
49,174845
57,650719
66,911489
71,655600
51,026452
51,360394
41,123036
74,662014
65,945697
46,521155
42,291047
64,188630
55,829350
53,103893
72,410856
20,124574
68,128952
47,817425
40,826669
33,622376
36,645737
49,210926
50,167776
45,226993
57,221603
59,968477
54,138830
66,226980
52,787296
71,264454
74,066555
62,209159
41,239875
61,982478
45,807922
53,383600
66,717537
60,162229
67,540829
71,749701
50,473273
38,539485
61,573104
46,221118
43,858247
62,365341
41,892007
65,488575
70,517695
65,709483
74,969105
58,285084
52,296054
66,479371
48,910811
48,552368
59,651127
44,359692
51,125239
40,890050
36,109860
65,709483
63,293889
51,521726
64,551926
68,614211
37,854091
46,787705
49,778634
42,204545
71,734011
52,560168
61,940040
46,106081
49,343385
46,787705
67,721406
33,300569
69,668860
49,778634
74,920558
49,078717
35,025993
61,841098
56,013591
44,013826
40,207060
54,914530
50,350918
47,230432
44,842582
45,363216
47,160333
41,538328
37,345643
77,607342
58,488571
36,236027
38,225965
33,992787
54,035989
50,461028
38,135276
32,097145
68,113827
50,473273
62,095746
41,967298
63,480762
35,704328
51,583872
53,997459
48,934773
41,356945
44,247916
65,165527
43,802776
39,759630
54,590379
41,666697
73,506387
56,701662
34,272445
74,549101
58,325741
59,444798
39,100128
50,510020
56,330428
59,060996
43,891553
45,842256
57,731430
54,681005
27,478646
57,395659
43,625600
87,370088
41,070003
73,730093
66,732442
42,900036
31,159840
57,476118
59,444798
49,863577
50,546786
32,509901
71,233228
62,678535
58,028050
68,068466
43,020373
35,149520
72,505657
49,259064
41,314348
33,493396
60,523222
41,356945
44,741209
69,117189
30,138871
61,095580
54,061686
45,034501
44,449256
74,066555
77,044803
63,595954
57,556657
42,562166
42,312693
40,280228
56,529090
53,434566
74,597478
61,418324
63,913493
63,322613
54,953519
47,817425
57,664165
37,744022
74,645877
42,910966
70,192736
48,683583
51,808031
43,382801
60,495400
64,843606
50,424306
28,874676
66,197331
59,664900
50,436544
54,435265
60,704291
38,165489
49,415741
53,396338
45,079741
30,499575
77,856445
40,447817
63,956880
52,648414
35,916353
67,796747
43,404834
53,167372
46,129072
56,449566
54,010300
58,747039
66,583495
55,488318
81,129517
37,444962
49,307235
29,535826
58,502155
38,916024
62,835548
49,247027
54,823631
45,192982
76,814012
55,462146
65,842279
44,080620
57,502956
61,855226
42,660065
44,527727
56,303977
51,174682
38,326906
46,683276
58,163231
62,992837
56,741539
52,522380
35,120987
34,253751
55,658650
56,595420
65,547432
54,332028
74,888205
66,241808
43,515119
53,078516
62,507565
62,081579
35,435737
45,888063
60,662472
57,368857
46,117576
74,355816
49,645357
72,205754
43,459952
71,311312
48,886857
49,657463
58,420686
58,529328
87,315966
42,910966
78,139447
51,745696
49,391614
46,567435
83,394173
44,047214
56,648524
68,888240
57,422470
79,971357
48,791125
31,326436
56,066310
56,211467
52,964426
49,307235
57,731430
30,741694
69,056083
35,263813
67,631075
65,532714
48,552368
33,677758
64,960538
51,422403
65,709483
51,820505
43,725200
29,713316
58,055068
37,884149
44,977994
40,868915
52,698887
58,692558
52,901118
42,010365
40,311614
28,833177
45,147662
54,422353
34,638379
81,713039
34,516102
72,758891
54,914530
46,140571
47,876403
43,725200
62,336924
52,070414
50,510020
51,783091
35,713946
51,434811
36,313820
71,812483
35,282887
54,306241
58,583703
54,357825
77,723520
47,078644
41,356945
59,568535
39,490781
56,303977
32,231338
58,774293
59,348683
35,646654
54,745803
83,028152
54,836610
47,758497
66,509109
59,927016
34,394124
60,009958
50,816976
62,294315
62,964219
71,953885
61,671743
58,869751
40,081845
46,405595
89,041427
39,233468
59,019978
37,764018
49,815026
58,163231
61,376159
31,546578
63,581547
37,734026
30,250201
80,651195
53,472814
51,758159
57,007890
52,057898
69,147756
71,405092
55,803064
58,393548
56,396594
64,130637
51,870419
54,706918
53,933285
57,866124
69,147756
65,724228
48,290683
47,523294
39,059164
63,451987
63,021465
55,816206
84,604887
61,277853
41,752429
60,273142
60,969615
45,659350
39,202669
40,816112
44,058347
31,767788
42,269410
61,221728
49,006708
44,831310
46,463350
68,523039
55,344478
48,934773
42,943768
51,658516
64,072681
74,018423
61,925899
61,474576
57,007890
44,887688
45,590891
53,894806
45,945366
41,303703
59,623587
28,891286
69,101909
65,106912
56,529090
61,123597
38,793624
49,042703
67,150747
62,978527
38,763066
40,040167
63,250819
43,108040
65,429755
57,677614
46,787705
56,264317
27,374457
53,154672
46,278712
55,109669
30,173097
39,079642
55,161788
64,945913
50,448785
52,711510
34,039286
46,198095
71,639925
48,635839
60,148375
28,199286
50,706322
45,956832
45,283718
66,896556
51,795560
42,193740
61,855226
47,911815
63,451987
64,799794
35,906696
44,013826
47,947245
48,018160
77,077813
54,357825
32,645285
45,488339
55,031555
43,239773
71,373823
49,609052
47,055322
37,187114
47,160333
47,900009
52,825217
68,659829
34,281794
56,954549
60,342535
66,464506
49,681680
58,610903
62,635762
36,783018
42,334345
67,060955
59,871767
56,489318
71,186407
60,425882
51,434811
56,264317
53,766684
71,295690
56,621968
61,516788
54,151695
66,479371
61,432383
58,842466
65,857046
46,440242
56,794739
54,538640
73,251313
52,711510
30,104673
68,462306
49,900013
37,127786
47,382562
56,039946
31,634934
56,967881
41,570394
68,933987
53,307214
61,348060
44,741209
57,974039
51,310825
57,087966
59,857960
48,683583
60,634604
52,749393
60,009958
33,797971
60,606745
57,234978
48,195770
50,534528
45,238334
25,967351
55,148755
37,894172
61,207703
54,164562
66,004844
60,829869
66,657939
51,422403
65,165527
78,808210
41,506279
70,471207
47,172011
65,062975
41,346293
31,229911
51,995352
46,579010
58,719794
28,502671
48,421401
57,650719
61,488644
59,706233
67,691286
67,977808
40,710647
59,376133
59,431060
56,356888
61,812850
58,869751
40,953500
63,265174
47,324010
51,509304
46,776094
51,857937
61,869356
47,242122
38,946666
45,057117
53,574901
33,438224
47,546777
52,070414
54,125967
62,450648
49,875720
67,962706
68,690253
54,629206
60,495400
65,679998
53,856347
34,704346
34,132417
42,878181
69,592053
74,581350
37,994503
36,577229
47,711391
46,764484
36,861626
67,811823
66,509109
33,099386
67,285595
40,531794
23,317913
38,326906
51,571439
63,653605
41,091211
56,039946
39,202669
48,600054
51,945354
54,357825
47,605522
61,305929
42,747219
56,901244
40,668515
45,057117
64,581052
41,378256
56,568882
54,344925
51,509304
68,995016
49,391614
38,651163
62,764144
43,108040
43,902659
44,774982
44,024953
42,269410
38,044738
70,130959
70,719393
53,396338
67,480713
48,695523
66,821923
43,108040
59,830353
63,480762
38,377446
51,422403
67,540829
41,666697
51,733236
34,300498
59,431060
61,067572
71,092830
39,728544
40,890050
54,888548
31,467204
40,238406
62,280117
42,399350
64,683067
47,218744
57,395659
51,273670
66,271470
67,495738
61,362108
34,676064
55,057584
64,406434
46,892298
30,871945
55,031555
62,935609
52,007857
53,677125
41,924263
54,241809
43,371787
52,283501
66,419924
54,836610
36,763385
59,844155
54,203176
66,509109
55,724260
64,595619
71,545926
55,148755
55,213942
61,081575
36,430728
51,995352
52,472026
65,650522
52,170614
48,576207
59,019978
53,447313
55,921417
49,524413
52,107973
55,435982
54,992527
57,637275
63,696868
48,077312
44,314958
55,266130
77,773348
45,865155
37,894172
48,338188
50,302034
63,985817
56,635245
57,529802
42,856335
38,671492
33,622376
64,975165
61,390211
61,883488
60,662472
53,638775
68,144079
57,771815
38,428032
33,603929
43,448925
48,089149
45,739308
54,138830
39,738905
66,152876
57,731430
56,053127
63,567142
66,064029
60,259270
66,866696
52,082931
41,506279
63,207771
49,997265
50,866210
52,245853
62,821262
48,886857
53,894806
46,915563
47,994514
62,237535
43,991577
47,277205
65,871816
88,621478
53,638775
65,356283
59,019978
63,136069
58,217366
78,006179
64,217641
43,791688
59,458537
75,830457
54,979522
51,870419
43,703053
62,010781
68,038237
75,928408
76,929346
59,280097
56,171852
56,927892
38,428032
43,448925
76,337505
85,632208
70,393776
62,806979
41,207987
53,689913
47,382562
59,006310
31,696885
54,087392
45,102374
42,258594
52,195685
67,811823
48,958743
48,731359
43,969335
47,782062
66,628154
56,224676
60,690349
62,792699
42,812665
55,829350
58,665331
72,001063
69,361993
50,632646
63,078749
64,217641
46,787705
56,000417
44,303779
44,036083
48,207627
46,209606
52,107973
31,046206
51,820505
45,011892
64,174129
74,146826
76,567280
52,812575
55,187860
62,393768
52,522380
62,978527
73,203556
33,751700
47,617277
43,470982
56,039946
70,146400
36,979755
51,509304
40,071423
34,628963
55,475231
38,539485
64,639332
56,476065
36,900973
47,793847
40,636935
40,668515
61,897623
31,829919
76,239180
39,356832
62,393768
49,839297
51,472048
41,784610
60,342535
73,108109
72,300365
70,455716
59,225268
44,058347
70,797078
41,859768
45,613703
68,416781
41,452903
68,098704
48,576207
44,471666
74,050509
64,566488
65,857046
42,507846
35,301968
87,406182
40,921767
39,666423
71,639925
63,437603
44,966699
46,555862
57,315279
63,711294
47,499818
74,645877
45,796481
38,246138
82,819510
52,698887
36,362500
58,203829
54,784707
59,472279
57,974039
51,733236
74,259307
67,947607
41,720265
44,036083
53,053148
36,635944
57,328670
38,885399
58,176762
53,154672
37,704051
56,158652
51,248910
36,626154
45,991244
52,020364
57,906576
51,286053
61,516788
54,448179
71,639925
44,865131
45,876608
51,857937
53,741085
49,863577
59,871767
41,581087
43,437899
57,893090
56,317201
65,724228
48,492807
41,902757
64,261174
90,753929
61,446445
75,179735
47,629034
65,503286
58,828827
40,029752
54,241809
44,561388
40,573828
71,373823
61,334014
36,832134
40,657986
77,491288
47,499818
23,153409
45,317777
46,927198
40,584341
39,470153
67,031043
66,375363
74,985293
39,223200
57,717972
60,065298
69,899639
58,624507
39,594034
62,152434
42,496988
41,677406
59,047321
72,016794
50,694037
70,968196
55,174823
67,105840
35,111480
47,160333
32,446854
34,997529
75,618536
61,025577
70,254551
55,855644
59,486023
56,714952
70,734925
61,432383
43,924876
58,678943
61,011583
64,450057
46,255669
61,728158
39,315681
46,694871
38,165489
74,355816
56,688374
44,203260
88,075840
45,000591
39,008000
52,371420
26,184096
41,902757
71,124013
52,258400
45,945366
48,731359
45,830809
52,850509
43,869347
51,224159
71,718324
51,758159
42,878181
53,116584
59,541022
68,083584
68,447128
52,812575
63,293889
48,018160
61,982478
46,474907
31,723461
61,742268
60,871769
54,681005
53,460063
51,733236
47,195373
39,894532
36,323552
52,107973
49,439876
27,254577
60,273142
51,261289
69,791875
40,563316
60,955630
38,712173
43,294745
59,129404
45,819365
53,894806
51,149956
47,570269
63,870126
61,390211
47,523294
48,266942
38,024638
43,625600
41,623876
43,791688
47,629034
51,621184
55,305294
56,648524
59,927016
60,370309
51,484464
61,249786
54,953519
48,647772
82,489923
62,593009
37,664111
67,525797
33,723959
57,034573
62,251727
44,516511
47,125312
52,020364
52,233308
72,253048
37,874128
45,876608
44,247916
40,395394
46,810934
36,381984
47,970875
46,579010
60,065298
45,249677
45,113693
44,259085
49,464019
62,450648
61,039573
36,168053
60,690349
61,968330
53,830718
39,563038
79,514772
58,339298
62,764144
48,409508
64,493701
62,593009
50,497769
59,211566
65,842279
49,464019
56,092683
42,236969
66,360514
41,388914
69,576699
50,816976
51,658516
73,490427
58,217366
70,517695
47,652555
58,068581
68,629415
56,198260
51,014114
53,498323
48,053646
47,476351
49,815026
65,665259
42,334345
53,843532
62,124085
53,370863
34,235065
66,034432
71,311312
53,792291
62,393768
28,101371
62,806979
25,362468
76,715252
50,436544
43,042278
73,012751
49,560675
57,798750
66,360514
37,177221
50,143392
72,142728
57,395659
31,696885
60,927667
28,941158
76,255561
46,221118
67,480713
62,365341
49,126764
51,932859
63,610363
66,672835
77,061307
53,817907
37,345643
66,881625
50,952451
59,568535
51,695866
52,661029
57,664165
43,691982
54,383629
51,957850
74,985293
53,218194
49,948622
33,218165
68,492668
52,195685
58,285084
47,911815
59,115718
48,540452
58,938003
51,323214
59,996129
30,724356
43,162894
41,495600
30,173097
36,362500
55,213942
60,941648
46,221118
36,090476
47,982694
55,174823
50,989442
51,795560
59,816553
50,387602
63,308250
85,472218
52,901118
56,171852
59,376133
44,494085
41,271780
58,407116
36,626154
51,783091
32,195516
62,707063
54,370726
31,564236
33,992787
53,192779
45,876608
65,842279
59,541022
41,474248
61,418324
39,408313
66,732442
66,583495
62,322719
44,125189
45,011892
68,933987
41,420900
50,853899
71,514613
54,023143
52,245853
70,999340
39,428919
62,735599
54,590379
40,447817
61,305929
55,200900
56,145454
56,303977
61,714051
61,362108
59,913201
70,719393
58,583703
48,089149
48,922791
68,538229
53,281769
46,973761
58,801555
58,910695
45,533898
57,650719
45,796481
62,166612
54,979522
60,384199
65,591600
58,842466
59,596056
32,052500
63,610363
71,577250
48,409508
48,815045
38,215881
53,689913
64,203134
50,070291
42,507846
53,894806
62,635762
62,152434
38,824199
58,570106
59,280097
60,314771
47,055322
56,476065
66,956304
53,319939
61,334014
42,670953
32,880875
66,509109
62,493333
47,758497
40,071423
23,925507
50,583571
64,058198
50,082469
53,078516
50,915478
83,341814
53,933285
55,842496
34,403496
48,516625
52,007857
45,636522
54,901538
41,999595
64,058198
55,527593
41,988828
26,153057
48,243210
53,434566
31,856572
47,335716
46,718067
55,698010
38,732525
59,047321
58,760665
50,890840
54,681005
49,018704
39,998519
40,238406
40,573828
69,132471
36,372241
47,593769
46,787705
39,171887
58,474990
57,355459
23,231986
51,472048
74,291467
52,863158
48,970731
55,070602
32,771996
73,155822
59,913201
28,420455
41,752429
40,489790
42,182938
44,505297
56,436320
55,396753
54,953519
40,668515
40,942920
41,773881
48,683583
55,829350
59,940835
63,207771
46,613747
84,746062
75,846776
70,084652
74,243231
31,476017
58,910695
49,875720
53,600444
55,357543
48,779167
79,649863
38,691829
70,595223
33,419847
62,308516
46,129072
54,113107
53,638775
39,428919
49,839297
33,383114
44,404458
46,997054
72,253048
34,506708
55,658650
48,077312
60,969615
54,525710
58,014544
60,634604
57,168122
48,207627
53,728289
52,283501
68,083584
65,429755
51,683414
51,695866
37,108025
58,651720
64,420973
38,054790
48,886857
36,920657
62,209159
38,165489
79,734377
46,094588
60,760081
46,163575
79,937472
53,907630
56,053127
39,192407
35,569856
51,945354
55,960907
44,516511
41,881258
48,743308
45,454191
55,593095
52,459443
43,162894
54,010300
45,842256
47,876403
41,186738
45,899519
44,247916
83,761339
72,553091
46,729669
35,829510
66,807004
55,750520
60,578895
64,829000
77,011803
22,349749
51,236534
56,026768
48,600054
38,306703
55,148755
47,405997
51,496883
52,572768
43,448925
43,097075
46,117576
50,915478
61,376159
65,253519
38,681660
59,143092
57,771815
80,634150
57,920064
48,982721
52,901118
47,160333
61,841098
67,330587
39,604370
36,061415
24,789752
62,692798
30,898041
72,949227
59,678675
51,820505
60,009958
54,409443
63,783456
34,441003
57,301890
40,626413
42,172138
44,763723
55,527593
70,703863
70,533196
47,300603
52,082931
44,036083
39,769996
40,900620
47,441165
39,666423
48,231347
60,328652
73,650143
54,901538
61,446445
77,176904
34,207049
50,399835
51,335605
54,538640
48,433297
43,426876
34,827085
68,705468
72,727203
47,911815
60,273142
49,018704
59,623587
47,032009
51,970349
28,060642
79,481025
53,141974
47,394278
58,828827
47,923623
32,383893
59,623587
44,763723
57,462703
53,409079
72,869878
66,613265
45,522505
37,137670
41,101817
59,651127
74,742741
50,669474
48,671644
60,801947
49,295189
54,914530
58,556511
48,326309
66,449643
65,679998
58,610903
49,271104
65,488575
50,927800
55,279183
38,014591
73,346892
62,792699
47,994514
50,644920
56,237887
56,941220
60,676409
62,878417
80,719404
48,588129
55,422904
62,735599
71,373823
47,441165
53,269049
49,126764
38,824199
37,444962
33,145035
66,419924
52,623190
35,877738
58,055068
50,669474
48,278811
41,634579
52,308610
26,433324
46,509590
67,585942
50,510020
38,559774
43,548243
78,556950
45,659350
62,964219
79,988303
65,326910
51,472048
42,301869
63,136069
59,678675
41,303703
59,720015
70,765997
58,366419
64,319250
32,338972
31,511284
54,499858
34,978563
53,574901
55,803064
61,151623
63,480762
44,853855
65,886587
37,335722
50,681755
46,324823
34,039286
74,969105
57,342064
54,370726
47,242122
63,884580
32,428857
25,090062
52,283501
41,144262
55,396753
34,845995
59,293809
49,887865
65,165527
49,090726
42,486131
47,359135
67,857063
68,751129
29,874535
34,506708
62,521800
68,068466
19,042726
55,018543
43,991577
52,534974
61,488644
54,048837
62,678535
48,874883
46,509590
62,907009
58,610903
66,167692
61,530864
56,927892
59,431060
57,637275
45,011892
54,693960
59,472279
44,013826
61,530864
37,444962
54,435265
52,333728
32,844554
66,286305
66,553733
54,461096
62,479102
48,421401
47,888205
34,544293
40,763356
57,987539
66,064029
74,952920
51,162318
49,078717
45,956832
62,849835
62,621509
38,844592
42,779933
61,123597
61,841098
63,064424
47,900009
43,581384
39,243738
51,708321
44,898969
40,689577
55,279183
53,281769
58,897045
33,853553
68,340953
47,125312
60,079138
58,815190
57,047918
51,409997
46,741272
29,493674
36,724140
74,114710
39,821853
46,997054
72,189994
67,947607
35,608241
35,560264
44,460460
90,494647
62,778420
44,505297
57,664165
58,842466
61,053571
60,009958
51,708321
57,556657
60,760081
61,573104
67,736470
42,878181
38,773250
38,864992
53,027788
50,424306
39,110374
39,666423
54,979522
55,921417
52,409132
64,304727
56,608693
63,250819
60,398091
50,804673
38,732525
55,895101
49,500249
66,152876
66,613265
55,292237
70,874823
55,934578
41,870512
67,315587
57,047918
26,409890
62,721330
56,901244
47,032009
65,783235
66,911489
44,617527
26,833895
44,292603
76,583712
75,863097
47,676083
58,109132
65,517999
52,082931
41,741706
53,817907
37,984462
35,301968
57,087966
47,911815
62,635762
43,680914
58,529328
51,970349
71,781087
33,090261
63,610363
52,698887
36,343023
47,230432
32,249260
56,834662
52,850509
51,447221
57,974039
65,783235
52,698887
54,087392
59,582294
64,130637
43,294745
58,312187
56,927892
48,516625
40,668515
51,596307
56,489318
41,388914
60,300892
79,531649
59,913201
47,546777
45,991244
53,677125
63,899035
58,787923
57,596956
46,683276
61,530864
47,335716
53,638775
34,497316
35,216160
36,881296
64,522809
45,215654
46,985406
48,647772
62,878417
55,593095
51,820505
57,623833
42,021136
60,092981
65,004425
59,499769
40,102695
49,912162
48,958743
34,864912
71,765392
53,574901
58,068581
36,665326
52,170614
55,671768
45,888063
74,985293
78,356351
62,251727
45,170318
63,552740
64,843606
56,013591
59,403592
54,525710
65,591600
54,693960
62,039093
56,861288
77,723520
28,849772
34,235065
31,528928
43,614543
44,718704
59,844155
51,907877
64,188630
66,657939
58,570106
37,984462
60,509310
62,194975
53,715495
31,484831
60,023790
81,919698
64,420973
40,657986
60,634604
44,831310
35,301968
31,652626
80,736463
69,423290
72,679688
43,184850
45,408687
37,315883
39,223200
38,854791
39,254010
69,945860
46,071609
49,705906
67,195675
63,466373
40,563316
62,365341
34,950126
56,821352
72,237281
46,002719
73,778093
59,211566
61,770494
49,391614
50,952451
53,523840
46,973761
57,382257
56,635245
57,798750
55,044568
56,714952
54,061686
60,356421
46,301764
37,474794
45,226993
37,584318
37,864109
74,436308
49,560675
49,681680
47,900009
57,074614
50,890840
49,985101
56,462815
39,852990
58,190294
50,522273
41,881258
64,683067
51,720777
55,357543
55,553787
59,527269
59,609821
31,794406
71,264454
49,018704
75,017675
58,488571
43,636659
49,997265
47,394278
59,307525
60,829869
72,126978
42,496988
67,270602
66,152876
49,536498
58,014544
74,613608
65,650522
51,051137
55,148755
40,081845
42,769026
42,161340
48,053646
53,587672
64,770599
51,335605
49,572766
42,638296
66,971247
52,661029
49,439876
52,120497
70,828168
50,228771
58,393548
59,637356
36,665326
60,259270
37,694063
64,814396
52,749393
63,035783
53,116584
55,279183
41,935019
67,150747
60,620673
45,261022
53,894806
52,346290
63,265174
59,747586
63,164743
67,751536
64,770599
43,129976
49,754383
54,474014
40,458308
49,090726
55,501408
87,496464
71,702639
63,451987
49,307235
47,982694
54,577441
43,009424
55,803064
29,401087
54,590379
72,521466
52,913775
62,180792
55,213942
48,148362
37,814040
56,688374
65,429755
53,766684
42,421034
32,303067
59,472279
61,770494
53,065831
49,271104
61,039573
49,572766
23,998554
55,044568
48,219486
47,405997
40,816112
47,617277
51,174682
43,393817
56,277535
43,869347
59,102034
76,863426
50,657196
60,620673
63,293889
47,288903
44,102901
49,018704
54,370726
45,499726
41,431565
78,256189
50,363144
48,445195
46,140571
57,529802
60,231532
33,557843
54,474014
49,524413
61,235756
47,911815
51,187048
40,552807
53,103893
61,095580
65,048334
41,666697
45,057117
35,983998
48,516625
49,645357
39,069402
51,932859
54,927524
85,312441
74,791207
39,408313
48,231347
36,440482
44,326139
40,858351
66,583495
57,704517
49,936467
44,314958
60,356421
42,747219
41,978062
44,114044
50,546786
43,836053
58,163231
59,830353
61,334014
41,913509
58,774293
62,935609
67,706345
57,502956
46,636915
58,938003
43,119007
58,420686
75,001482
57,435879
78,774676
67,766604
41,059403
53,319939
62,978527
65,562152
49,887865
39,346541
55,750520
56,728245
58,624507
56,000417
58,515740
39,480466
42,834496
62,564519
47,207058
58,542919
63,812337
59,541022
37,058654
61,982478
43,947102
60,342535
45,226993
57,650719
70,285473
46,694871
45,945366
41,144262
40,710647
48,207627
40,416357
62,864125
40,019339
26,755025
51,496883
43,603488
58,122654
73,538316
68,949241
77,889702
34,412870
45,762171
50,167776
70,270011
64,668486
27,599204
62,251727
48,373839
72,158481
46,532722
55,161788
41,538328
68,023126
36,109860
41,091211
49,367495
39,130871
50,155583
34,235065
54,979522
43,042278
39,459841
34,160391
38,115144
60,718235
34,188381
61,193679
37,444962
47,617277
61,109587
69,025545
73,954281
32,141833
55,331415
63,035783
67,120807
43,658782
51,286053
49,234991
45,295069
40,911193
52,484612
42,779933
50,632646
28,882980
53,243617
73,954281
52,951760
70,239094
30,258777
68,023126
32,672409
53,002437
57,047918
58,217366
56,000417
42,301869
45,113693
55,096644
69,316046
57,476118
50,853899
38,347116
61,095580
61,954184
48,958743
43,119007
78,623897
73,060419
38,347116
68,234894
69,576699
52,208224
49,464019
54,344925
46,660091
50,853899
47,136983
79,127291
55,109669
53,154672
42,670953
60,495400
40,165292
30,233055
78,808210
41,741706
48,731359
59,156782
58,014544
55,462146
48,779167
63,595954
49,985101
47,090308
39,956902
36,333287
58,965319
64,872825
56,370121
59,074673
72,347704
51,472048
71,342562
26,707779
53,370863
59,348683
58,230905
56,158652
52,977094
54,681005
50,070291
61,446445
41,913509
54,293350
46,129072
62,237535
66,004844
39,141122
68,068466
61,109587
39,645731
37,844076
72,822297
64,420973
59,582294
54,370726
52,220765
48,600054
64,522809
28,264694
55,527593
60,051460
49,778634
60,287016
46,544291
50,302034
51,224159
51,932859
64,843606
46,255669
47,335716
29,611803
27,687843
38,529344
63,682445
39,532060
61,305929
36,733948
24,240694
68,174342
51,945354
48,803084
67,330587
42,779933
39,769996
35,311512
30,559981
55,240032
49,851436
54,862575
47,183691
70,548699
46,880668
53,511081
62,450648
21,989586
67,691286
53,294490
47,055322
69,745726
51,434811
46,683276
49,343385
55,934578
65,901361
46,822551
54,668052
46,255669
55,934578
48,635839
58,230905
38,875194
62,907009
66,509109
64,566488
74,034465
36,812482
45,991244
52,283501
30,854556
31,511284
69,976686
39,439225
47,055322
46,973761
62,707063
35,063969
52,371420
33,364759
36,763385
79,413560
46,382507
54,254691
48,803084
58,828827
70,115521
60,092981
52,371420
42,758121
40,154854
37,754019
56,356888
49,742261
40,763356
39,967303
67,300590
74,597478
52,371420
53,600444
53,753883
38,651163
79,886664
51,484464
72,442447
48,552368
74,645877
61,883488
68,113827
65,356283
79,009628
54,823631
39,490781
47,277205
68,447128
56,251101
69,576699
68,538229
68,675040
40,165292
43,625600
52,321168
54,953519
46,962117
37,117905
54,642152
51,733236
64,814396
54,228929
37,167331
52,133023
42,280228
71,467661
56,132258
43,647720
32,204469
59,197867
70,595223
49,681680
57,866124
62,650018
50,497769
54,668052
67,872148
42,291047
54,590379
50,473273
63,682445
58,393548
60,551054
26,873390
46,706468
62,464874
44,415655
54,074538
50,792372
57,328670
38,854791
54,771737
46,752877
51,199417
58,474990
45,853705
65,517999
47,476351
72,237281
67,255612
43,824959
58,420686
70,409257
62,749870
64,319250
72,553091
52,762025
58,136177
73,171731
66,553733
50,082469
63,380090
62,792699
54,241809
89,885569
82,213099
34,921705
45,499726
73,378772
55,370611
66,108442
56,515831
68,295485
64,304727
38,145346
72,584726
58,515740
59,609821
49,790763
62,223346
41,806074
77,789962
57,543228
53,396338
65,341595
40,332548
52,825217
72,663855
35,868088
35,445305
69,147756
53,167372
53,664340
40,594856
38,651163
65,121562
60,314771
59,074673
65,812753
29,409496
64,653908
79,026430
56,105872
67,120807
38,905814
47,347424
62,849835
47,817425
51,236534
47,230432
45,762171
55,579990
64,072681
64,595619
77,209955
61,404266
51,347999
48,827009
64,261174
43,426876
75,537140
54,409443
43,097075
38,661327
57,342064
52,346290
61,968330
48,838974
37,524550
34,253751
39,697475
48,552368
56,079495
74,888205
36,352760
55,593095
52,560168
75,732595
57,650719
57,650719
38,956884
53,997459
52,020364
62,010781
50,644920
67,525797
45,363216
61,643549
43,349765
59,060996
76,206424
35,675483
47,335716
55,266130
48,457095
67,495738
48,409508
38,266319
55,383681
61,728158
51,820505
69,423290
48,421401
65,901361
61,728158
41,698832
53,027788
26,269585
60,051460
59,678675
65,488575
74,758894
47,136983
31,794406
52,158081
74,211086
52,774659
48,089149
54,267575
51,633626
58,910695
45,991244
60,509310
69,561347
55,161788
49,391614
76,419511
60,941648
76,059150
30,053426
45,158989
65,297546
61,996628
58,747039
44,326139
67,917416
66,777172
50,094650
53,933285
55,593095
68,675040
52,107973
41,080606
68,523039
36,538122
37,276229
54,319133
78,640640
35,359255
57,920064
40,563316
53,984620
75,390784
61,615364
43,316747
55,135724
50,706322
62,664275
57,395659
45,682185
59,568535
44,718704
55,187860
60,941648
48,743308
71,061657
65,312227
60,704291
54,486935
38,875194
51,646070
47,558522
49,621152
45,408687
70,843717
68,386443
61,179658
52,007857
80,327763
47,183691
52,610581
48,148362
59,403592
62,024936
52,497199
49,839297
43,448925
55,881947
61,109587
60,453682
72,774739
36,733948
53,536602
48,707466
24,633081
53,715495
29,942597
57,194858
75,732595
58,393548
49,114749
49,355439
29,367469
53,574901
37,544465
74,275386
67,390609
41,506279
73,012751
47,429440
51,745696
60,913689
55,462146
70,022943
55,868794
47,652555
64,960538
61,643549
31,370379
60,051460
62,450648
65,282868
65,945697
43,614543
62,351132
43,526159
47,452891
46,532722
79,228243
52,145551
36,090476
75,228401
70,983767
60,023790
