0,224477	157,773186
0,694610	162,945053
0,548671	165,680051
0,264079	167,572515
0,401577	169,983462
0,418686	169,801992
0,120952	171,992584
0,159131	171,798153
0,700027	172,057394
0,205425	173,042513
0,527359	171,785191
0,397083	173,249906
0,362690	172,485143
0,589247	172,705498
0,047839	173,314716
0,181104	172,031470
0,515584	173,431375
0,455338	172,407371
0,323526	172,822157
0,478674	173,301754
0,597704	172,109243
0,641778	173,509148
0,054595	172,303674
0,225699	173,055475
0,226515	173,211020
0,384322	172,174053
0,285465	173,522110
0,483671	172,199977
0,164564	173,159171
0,238961	173,081399
0,467537	172,290712
0,430905	173,509148
0,639568	172,225901
0,366424	173,340640
0,438569	173,042513
0,509753	172,498105
0,514934	173,573958
0,785905	172,148129
0,410652	173,431375
0,408941	172,964740
0,725103	172,757347
0,367495	173,677655
0,212854	172,290712
0,489961	173,651730
0,671670	172,938816
0,129813	173,029550
0,668646	173,885048
0,203109	172,433295
0,272159	173,859124
0,639568	172,951778
0,495025	173,301754
0,213249	173,820237
0,300082	172,679574
1,200227	173,988745
0,470616	172,899930
0,144384	173,560996
0,483045	173,859124
0,568407	172,783271
0,611238	174,170214
0,587143	172,938816
0,327028	173,768389
0,412366	173,859124
0,557468	172,938816
0,145342	174,235024
0,298650	172,899930
0,516884	173,949858
0,686147	173,910972
0,451715	173,055475
0,356865	174,312797
0,470616	173,029550
0,224884	174,196138
0,843524	173,781351
1,152832	173,405451
0,301039	174,403531
0,369643	172,990664
0,326026	174,325759
0,908965	173,742465
0,580859	173,548034
0,112987	174,494266
0,780935	173,172133
0,133147	174,494266
1,311916	173,820237
0,742642	173,807275
0,357392	174,585000
0,653640	173,301754
0,409511	174,753507
0,443324	173,729503
0,259648	174,209100
0,494391	174,636849
0,599829	173,444337
0,151168	174,883128
0,224884	173,677655
0,366960	174,416493
0,509108	174,623887
0,418109	173,599882
0,064897	174,960901
0,804285	173,664692
0,720362	174,662773
0,293430	174,585000
0,264079	173,794313
0,387628	175,025711
0,621322	173,664692
0,673186	174,779432
0,197762	174,520190
0,528018	174,014669
0,290135	175,129408
0,432079	173,729503
0,517536	174,986825
0,511692	174,494266
0,485553	174,260948
0,351093	175,051635
0,744249	173,573958
0,442728	175,077559
0,910774	174,507228
0,206977	174,572038
0,565661	175,246067
0,827184	173,923934
0,239383	175,297915
0,401577	174,403531
0,548671	174,740545
0,512340	175,246067
1,022242	174,131327
0,737035	175,414574
0,721151	174,338721
0,534630	174,973863
0,388181	175,233104
0,180743	174,183176
0,142160	175,440498
0,497569	174,209100
0,826329	175,103484
0,476186	175,194218
0,709370	174,312797
0,432079	175,596043
0,283145	174,222062
0,666382	175,284953
0,354760	175,116446
0,692296	174,481304
0,587143	175,647891
1,009694	174,235024
0,750696	175,492346
0,402705	175,116446
0,344341	174,727583
0,806811	175,790474
0,515584	174,416493
0,439162	175,790474
1,733724	175,181256
0,470616	175,181256
0,144384	175,971943
0,343824	174,597962
0,371797	176,023792
0,274883	175,155332
0,857430	175,401612
0,780109	175,984905
0,406667	174,675735
0,241072	175,984905
0,372337	174,973863
0,353710	175,583081
0,439162	175,933057
0,860053	174,753507
2,099565	176,153412
0,996283	174,986825
0,476186	175,738626
0,838344	175,920095
1,458205	174,883128
1,923320	176,529313
0,472468	174,999787
1,383897	175,920095
0,411223	175,894171
0,313148	175,090522
0,729862	176,373768
0,872352	175,025711
0,462025	176,127488
0,285465	175,997867
0,326026	175,544194
1,002975	176,633009
0,302959	175,246067
0,614828	176,529313
0,982031	175,997867
0,373958	175,816398
0,533304	176,723744
1,794232	175,323839
0,587143	176,684858
0,423898	175,971943
1,579749	176,075640
1,505384	176,827441
0,928063	175,440498
0,652895	176,892251
0,992470	175,907133
0,421577	176,347844
0,155121	176,840403
0,377758	175,609005
0,911679	177,047796
1,868519	175,920095
1,004892	176,581161
1,225973	176,840403
0,224477	175,751588
0,522107	177,138531
0,767773	175,868247
0,285000	176,581161
0,387076	176,814479
5,352888	175,933057
1,443870	177,268152
1,769877	175,920095
0,325025	176,995948
0,776808	176,801517
0,977307	176,179337
0,796736	177,384810
6,104125	175,427536
0,975422	177,281114
1,050567	176,866327
1,256423	176,529313
0,881201	177,540355
0,507818	176,088602
1,591091	177,397772
0,227743	176,749668
0,476807	176,684858
0,266757	177,501469
0,308272	176,101564
0,732249	177,501469
2,268103	176,633009
1,165359	176,905213
0,285930	177,488507
0,669401	176,231185
1,023212	177,657014
0,482419	176,607085
3,115914	177,060758
1,310792	177,423697
1,835275	176,244147
1,558458	177,657014
0,839206	176,477464
1,115732	177,008910
0,960414	177,462583
0,853070	176,464502
1,434361	177,799597
1,612650	176,477464
1,840791	177,527393
2,024124	177,462583
2,758795	176,697820
0,478674	178,019952
2,120571	176,645972
0,841795	177,838483
0,772694	177,501469
0,679267	177,034834
1,063414	178,097725
1,607561	176,671896
1,130074	177,929218
1,335653	177,410735
0,271255	177,086682
4,976325	178,071801
0,463247	176,697820
0,445114	178,097725
2,155362	177,371848
0,949248	177,475545
2,412015	178,097725
1,356203	176,866327
1,216280	178,240308
1,121865	177,436659
1,928995	178,019952
2,243089	178,227346
2,371490	177,034834
4,476405	178,447701
4,247124	177,281114
1,696711	177,929218
3,587733	178,214384
2,541198	177,164455
4,587837	178,616208
0,658870	177,371848
4,392788	178,292156
0,480544	178,369929
0,995329	177,462583
0,531318	178,992109
2,517703	177,449621
1,279555	178,590284
0,778457	178,369929
0,760427	177,773673
3,036288	179,523554
1,116753	177,579242
2,238418	178,862488
0,505244	178,434739
1,199162	178,084763
0,881201	178,979147
1,224893	177,618128
2,403876	178,979147
0,586443	178,369929
0,720362	178,318080
1,418990	179,160616
1,116753	177,812559
0,559510	179,225426
1,455810	178,356967
1,466606	178,642133
4,270406	179,251351
3,974003	177,955142
2,358611	179,964265
9,582783	178,279194
1,387383	178,875450
2,592001	179,212464
0,382675	178,071801
1,636953	179,471706
1,030984	178,382891
0,830608	178,823602
2,037314	179,186540
2,373103	178,201422
2,329793	179,549479
1,651125	178,214384
1,025151	179,005071
1,198097	179,082843
7,042101	178,331043
1,963263	179,523554
0,673186	178,123649
4,189270	179,277275
3,121651	178,979147
4,247124	178,499550
2,229094	179,562441
0,944619	178,149573
1,082357	179,471706
6,771913	179,121730
1,203428	178,758791
3,269207	179,666137
1,958959	178,266232
1,085366	179,692061
1,481076	178,914336
3,146588	179,121730
2,222891	179,795758
1,430805	178,512512
1,537343	179,951303
1,543535	178,992109
1,266306	179,419858
0,392618	180,003152
2,789009	178,668057
5,436862	180,067962
1,085366	178,927298
2,956099	179,666137
1,366549	179,938341
10,268318	178,875450
5,283106	180,275355
1,783382	178,953223
2,413644	179,899455
1,479867	179,782796
0,754741	179,108768
8,996068	180,301280
1,956093	179,030995
2,416906	180,093886
1,651125	179,912417
8,469813	179,277275
3,435275	180,430900
1,648543	179,056919
1,311916	180,288317
1,409580	179,847607
2,580091	179,523554
4,216977	180,521635
2,875429	179,134692
4,856386	180,534597
5,875196	179,821682
4,863986	179,873531
2,639982	180,664218
7,106679	179,303199
6,728070	180,729028
11,294761	179,808720
0,869708	180,145734
2,610785	180,534597
1,424890	179,471706
2,549622	180,962346
6,920460	179,886493
3,356598	180,469787
4,359622	180,936422
6,572995	179,705024
8,630649	181,143815
3,040051	179,847607
10,006551	180,677180
2,839221	180,832725
10,083796	179,847607
3,058907	181,169739
4,338386	179,899455
3,316695	180,910498
1,030010	180,819763
2,008074	180,080924
3,414992	181,312322
2,624500	179,873531
4,319565	181,079005
2,789009	180,754953
6,338753	180,327204
8,150534	181,416019
3,388737	179,990189
2,842829	181,325284
4,788331	180,767915
3,523357	180,664218
2,387649	181,416019
3,564806	180,249431
3,965097	181,286398
8,800930	180,534597
5,350193	180,703104
7,478810	181,480829
12,127418	180,210545
11,207096	181,597488
5,696668	180,599408
3,068362	181,053081
11,316748	181,532678
7,887696	180,275355
4,170864	181,714147
5,453212	180,547559
7,736116	181,260474
5,486007	181,493791
9,861268	180,404976
17,016137	181,856730
2,658981	180,547559
3,322661	181,493791
9,897457	181,493791
6,693752	180,677180
7,425363	182,064123
13,747755	180,690142
4,200801	181,830806
5,984607	181,649337
5,975922	181,053081
7,468769	182,219668
7,126127	180,806801
3,614948	182,064123
10,631381	181,623412
12,044663	181,312322
1,963263	182,310403
5,406968	180,897535
5,145303	182,077085
3,929599	181,623412
10,043092	181,571564
14,487385	182,323365
4,036701	180,988270
5,150560	182,388176
6,591480	181,493791
9,865285	181,804882
6,441504	182,349289
7,545970	181,053081
5,990402	182,478910
4,020968	181,416019
5,082489	181,986351
7,495563	182,362251
4,654059	181,182701
7,911989	182,595569
8,282290	181,351209
4,708468	182,167820
8,214458	182,310403
2,622783	181,338246
18,097436	182,699266
4,768285	181,364171
6,213300	182,206706
19,005283	182,336327
2,933960	181,584526
5,251098	182,867773
1,902128	181,480829
5,404256	182,699266
6,136451	182,401138
17,899105	181,791919
8,458919	183,036280
5,245775	181,636374
4,639291	182,945545
8,663793	182,362251
10,214784	182,193744
4,079602	183,114052
11,694907	181,688223
6,089468	183,645498
3,774508	182,180782
8,477081	182,362251
11,329954	183,178863
10,622941	181,649337
5,829518	183,049242
22,664665	182,103010
7,106679	182,556683
3,531622	183,230711
4,354897	181,882654
8,789758	183,321446
14,586239	182,180782
15,231822	182,984432
15,055338	182,945545
14,906678	182,141896
17,312955	183,580688
9,986289	182,258555
15,561710	183,256635
13,198997	183,256635
6,060221	182,427062
16,129613	183,749195
17,114690	182,310403
10,860960	183,464029
5,903862	183,217749
13,493762	182,673341
24,759857	183,697346
5,079883	182,362251
6,148234	183,451067
17,761748	183,062204
22,531333	182,686304
6,423294	183,710308
4,634375	182,388176
6,051465	183,645498
13,807980	182,997394
11,128585	183,049242
15,007446	183,801043
8,898147	182,349289
12,889370	184,008437
7,428696	182,945545
8,239406	183,269597
10,942514	183,826967
6,441504	182,504834
9,606447	183,788081
6,920460	182,841849
20,621467	183,943626
11,994276	183,891778
4,454807	182,777038
14,183289	184,202868
20,529313	182,932583
12,975955	183,814005
5,727583	184,008437
17,342242	183,036280
13,306571	184,475072
12,178176	183,230711
10,173730	184,047323
20,740364	183,995474
8,076369	183,308484
16,946801	184,513958
16,342613	183,088128
8,962092	184,293602
5,795411	183,982512
11,618612	183,515877
11,154714	184,565806
26,802328	183,152939
10,190138	184,384337
9,757215	183,904740
19,534057	183,814005
23,046553	184,630617
9,821161	183,256635
24,939597	184,643579
3,883315	183,801043
16,917968	184,008437
10,614505	184,695427
13,135706	183,476991
20,727130	184,695427
10,480133	183,801043
17,039291	184,163982
5,993301	184,734313
36,587011	183,515877
11,246489	184,954669
18,272954	183,930664
15,415107	184,552844
12,210551	184,760238
11,962286	183,697346
16,762841	185,006517
11,605183	183,826967
12,058429	184,695427
6,429360	184,708389
16,348244	183,865854
20,647848	185,149100
11,440405	183,762157
12,660366	184,850972
18,188078	184,695427
8,786036	184,047323
14,690785	185,187987
14,025242	183,749195
8,228708	184,941707
25,644548	184,526920
25,682832	184,254716
21,879570	185,213911
20,555614	183,801043
27,454579	185,226873
16,421563	184,436185
23,060781	184,488034
15,350249	185,265759
14,239656	183,852891
11,843961	185,317607
18,812624	184,410261
12,631934	184,734313
16,179890	185,356494
21,934531	184,086209
13,048407	185,563887
25,844051	184,513958
24,440049	185,110214
14,727495	185,447228
25,744167	184,306565
16,637155	185,706470
12,561039	184,488034
24,947105	185,356494
14,627997	185,447228
21,653849	184,475072
21,019607	185,887939
18,139698	184,539882
9,994390	185,576849
19,130288	185,499077
36,596794	184,773200
18,055242	186,043485
16,717063	184,591730
23,649317	185,836091
17,266166	185,421304
39,151375	185,006517
17,371563	186,095333
14,596671	184,656541
23,692780	186,043485
31,688030	185,408342
22,454387	185,304645
21,368874	186,134219
28,264694	184,475072
17,359831	186,237916
32,204469	185,408342
22,183023	185,641660
18,188078	186,263840
17,307102	184,928745
20,033940	186,380499
15,808134	185,330570
18,930547	185,706470
27,526826	186,289764
52,383988	185,071328
15,720218	186,600854
24,005867	185,382418
27,158934	186,121257
28,076929	186,315688
34,235065	185,239835
25,982792	186,639741
18,236546	185,317607
28,036225	186,160143
33,723959	186,276802
13,488813	185,421304
22,252389	186,769362
36,245745	185,343532
33,355584	186,510120
34,141740	186,250878
21,517825	185,667584
17,995080	186,847134
11,776053	185,512039
31,963339	186,639741
23,721786	186,121257
23,969317	185,849053
26,755025	186,808248
20,503035	184,967631
24,729987	186,782324
37,296053	186,043485
32,717649	186,095333
29,384275	186,834172
26,129794	185,447228
22,636551	186,911945
16,854651	185,926826
23,765340	186,315688
24,108411	186,860096
28,461542	185,589811
29,815068	187,054528
18,936767	185,900902
25,844051	186,587892
19,827820	186,924907
25,575737	185,784243
20,727130	187,261921
19,988727	186,056447
33,163307	186,886020
27,526826	186,937869
22,566369	186,121257
22,051636	187,508201
17,923066	186,121257
30,361815	187,197111
32,618177	187,067490
22,301033	186,367537
39,212934	187,598935
22,925858	186,199030
22,636551	187,391542
28,109522	187,080452
13,913800	186,561968
28,519134	187,676708
36,391729	186,250878
21,852125	187,611897
24,064427	186,963793
20,952889	186,886020
36,881296	187,754480
36,352760	186,315688
41,956537	187,611897
14,368323	186,976755
38,397675	187,106376
21,633408	187,728556
41,741706	186,367537
37,286140	187,845215
23,075015	186,808248
31,352797	187,352656
29,041080	187,793367
27,374457	186,574930
38,651163	188,039646
31,476017	186,795286
42,334345	187,560049
23,153409	187,741518
22,531333	186,652703
31,194861	188,065571
42,291047	186,665665
36,080788	187,611897
39,243738	187,689670
33,742451	186,834172
26,849688	188,169267
20,424339	186,704551
24,969640	187,871139
42,965645	187,585973
17,518670	187,119338
20,326258	188,558130
28,808298	186,717513
18,682869	188,039646
44,831310	187,469314
37,127786	187,261921
32,132892	188,221116
44,606296	186,782324
47,113642	188,195192
26,550709	187,469314
35,617841	187,585973
33,419847	188,350737
22,749152	186,963793
24,707601	188,493320
27,446559	187,534125
33,117640	187,922988
37,117905	188,467395
17,389172	187,171186
33,181586	188,622941
42,128956	187,378580
31,599571	188,195192
37,435022	188,467395
39,408313	187,287845
35,254279	188,752562
30,250201	187,391542
29,266774	188,013722
37,078397	188,363699
30,044890	187,443390
34,011381	188,739599
19,853506	187,404504
13,340922	188,506282
29,840544	188,350737
28,800009	187,637822
38,895606	188,921069
24,358695	187,482277
37,335722	188,765524
38,135276	188,441471
42,845414	188,000760
27,817123	189,063652
29,764162	187,689670
47,570269	188,998841
40,974665	188,441471
40,668515	188,389623
39,243738	189,206235
22,468364	188,026684
24,410444	189,258083
36,391729	188,363699
26,503712	188,609978
38,875194	189,219197
25,052388	187,910026
28,371203	189,426590
32,410866	188,247040
37,345643	188,635903
26,448955	189,206235
43,902659	188,039646
36,763385	189,478439
28,363000	188,363699
37,854091	188,998841
35,877738	189,219197
30,207348	188,117419
21,920782	189,465477
46,290237	188,298888
33,163307	189,232159
28,957795	189,232159
19,962923	188,454433
29,367469	189,750643
41,634579	188,454433
28,766866	189,452514
50,155583	189,322894
39,946502	188,765524
26,230703	189,893226
30,413424	188,571092
34,845995	189,841377
47,078644	189,335856
39,459841	189,050690
33,603929	190,048771
23,962011	188,622941
31,909925	189,919150
39,171887	189,284007
20,720516	189,296969
40,363962	190,113581
44,091759	188,765524
26,005965	190,152467
33,983492	189,232159
30,819799	189,828415
35,579450	190,113581
41,581087	188,882182
26,160814	190,346899
34,864912	189,154386
37,584318	189,802491
30,993857	190,126543
23,246292	188,998841
23,303577	190,437634
23,940104	189,141424
41,645283	190,074695
27,015902	190,100619
37,524550	189,193273
41,988828	190,580217
42,291047	189,128462
32,079282	190,295050
35,964662	190,022847
37,444962	189,400666
28,766866	190,696875
33,807230	189,063652
42,042685	190,580217
39,501098	190,035809
39,100128	189,828415
30,767714	190,852420
23,497627	189,245121
28,028089	190,774648
31,502465	189,945074
46,163575	189,945074
22,756203	190,800572
31,335221	189,335856
41,698832	190,606141
44,259085	189,906188
41,613176	190,243202
32,356935	190,774648
33,373936	189,400666
44,415655	190,917231
20,766849	190,074695
41,495600	190,346899
29,183043	190,787610
29,250014	189,569173
38,569921	191,007966
30,759039	189,919150
64,174129	190,606141
32,762934	190,761686
36,743759	189,789529
33,696233	191,176473
38,215881	189,854339
24,203899	190,878345
34,751518	190,865383
34,422246	190,074695
15,258683	191,370904
38,397675	189,983960
35,974329	191,137587
46,892298	190,917231
30,215916	190,217278
43,669847	191,293132
39,305398	190,087657
43,714126	191,072776
46,706468	190,761686
32,808261	190,476520
33,291406	191,396828
32,799192	189,970998
28,949476	191,357942
25,090062	190,657989
34,638379	190,657989
39,769996	191,396828
22,890442	190,048771
18,639753	191,526449
30,603178	190,502444
30,430641	190,904269
33,438224	191,422753
28,824883	190,282088
48,065478	191,656070
31,883241	190,515406
37,584318	191,163511
25,751841	191,539411
48,540452	190,502444
18,272954	191,967161
27,817123	190,670951
37,504642	191,565336
30,465095	191,630146
20,694071	190,619103
33,668524	192,070857
33,659291	190,709837
33,983492	191,811615
30,924152	191,617184
31,396766	190,982041
31,423167	192,096781
23,353780	190,722800
30,370412	192,031971
29,124530	191,539411
28,248332	191,176473
23,903623	192,239365
22,093069	190,813534
26,597763	192,096781
33,373936	191,513487
39,583700	191,461639
24,812189	192,330099
22,812659	190,930193
38,539485	192,343061
29,611803	191,409790
35,464447	191,707919
28,684125	192,330099
30,113220	190,982041
32,276156	192,394910
24,410444	191,357942
31,081140	191,915312
26,091054	192,291213
26,285149	191,098700
22,010256	192,550455
25,286597	190,865383
21,113254	192,109744
42,118165	192,291213
18,590561	191,267207
29,342273	192,693038
22,058538	191,332018
27,238621	192,006047
23,139142	192,291213
34,950126	191,539411
19,982274	192,848583
16,923732	191,383866
21,240802	192,628227
12,726875	192,304175
27,190789	191,850502
20,021015	193,004128
24,969640	191,565336
18,449623	192,913393
31,037477	192,420834
22,017149	192,148630
17,666618	193,094863
23,454409	191,669032
41,038207	193,068939
26,222931	192,239365
26,472413	192,394910
34,950126	193,107825
32,971800	191,694957
17,797511	193,211522
26,292934	192,161592
36,871460	192,615265
28,330205	193,250408
23,591451	191,902350
26,160814	193,405953
16,780029	192,213440
13,513568	192,952280
28,076929	193,237446
27,890025	192,109744
15,087323	193,548536
21,059706	192,213440
10,860960	193,107825
29,116177	193,120787
24,093744	192,226402
25,271441	193,613347
24,722524	192,187516
15,940631	193,315218
35,608241	193,120787
16,320103	192,472682
23,396871	193,704081
19,124024	192,420834
34,506708	193,522612
7,122883	193,094863
23,396871	192,783772
24,902078	193,807778
22,419470	192,485644
33,686995	193,794816
24,655420	193,068939
15,918496	193,094863
12,476317	193,924437
19,699730	192,485644
18,707538	193,963323
27,358452	193,004128
15,039363	193,289294
23,032331	193,807778
12,457542	192,550455
11,538192	194,054058
18,412976	192,939318
15,594416	193,522612
28,609798	193,924437
34,179049	192,757848
16,252699	194,261451
18,406873	193,120787
11,871197	193,859626
28,330205	193,976285
17,283702	192,952280
17,277855	194,339224
29,317092	192,978204
25,165528	194,041096
20,595109	193,898513
13,478920	193,159673
11,431542	194,442921
10,051224	193,017090
16,129613	194,235527
12,703095	193,885551
20,066277	193,392991
30,759039	194,442921
16,421563	193,004128
14,388982	194,429959
25,014752	193,833702
16,163120	193,691119
12,085993	194,624390
28,858071	193,146711
28,052501	194,585504
14,643677	193,924437
6,681301	193,872588
15,962786	194,585504
11,102496	193,211522
23,325083	194,935480
22,883364	193,639271
21,667484	194,067020
18,608998	194,559580
5,599017	193,263370
19,495960	194,754011
10,899540	193,522612
15,659967	194,235527
8,487990	194,494769
11,471459	193,405953
15,474721	194,779935
10,173730	193,470763
16,040493	194,404034
20,979559	194,416996
5,646311	193,561498
15,742166	194,948442
11,015828	193,639271
12,085993	194,741049
28,766866	194,559580
7,276385	194,002209
13,989719	195,285457
16,597297	193,833702
8,257257	195,233609
10,330319	194,676238
16,040493	194,365148
11,524824	195,415078
10,627160	193,963323
38,034687	195,376192
35,454875	194,611428
26,417700	194,663276
11,708406	195,453964
16,489439	194,079982
9,949885	195,505813
11,111188	194,507731
23,584225	194,805859
22,720966	195,428040
21,039650	194,092944
21,066395	195,505813
17,307102	194,429959
25,859442	195,078063
21,504255	195,453964
10,946818	194,261451
8,506192	195,687282
11,427113	194,261451
6,254937	195,246571
17,542285	195,363229
6,662652	194,378110
15,907437	195,765054
18,621296	194,365148
19,381971	195,402116
16,831667	195,324343
14,927855	194,559580
17,225295	195,816903
16,336984	194,481807
12,053839	195,622471
9,056679	195,324343
11,264026	195,181760
11,067775	195,946524
20,839801	194,572542
8,977182	195,933562
6,997126	195,311381
8,419055	195,116950
5,646311	196,063183
8,375707	194,611428
13,145430	195,920600
7,760102	195,181760
13,868383	195,298419
4,321914	196,011334
6,923644	194,624390
6,731196	196,063183
19,350389	195,013253
19,655032	195,428040
13,140567	195,959486
11,564957	194,404034
11,735434	196,166879
7,971190	194,974367
16,263920	195,648396
8,719218	195,946524
5,912479	194,831784
17,277855	196,257614
13,558204	194,948442
3,748685	195,920600
6,104125	195,946524
8,422674	195,142874
23,174821	196,542780
6,756234	194,948442
14,477005	196,309463
32,953601	196,076145
6,668865	195,479888
10,886670	196,789060
6,850667	195,428040
8,189560	196,802022
13,563169	196,037258
6,335747	195,803941
12,793618	196,840909
8,146992	195,441002
8,950786	196,918681
11,690410	196,127993
3,898704	196,153917
6,465837	196,879795
9,881363	195,544699
5,829518	197,009416
6,945954	196,037258
13,360578	196,374273
20,470220	197,022378
6,856992	195,661358
8,260830	198,188967
8,473446	196,037258
15,119354	196,607591
9,359896	196,996454
7,279674	195,790979
4,166270	196,983492
5,996200	195,998372
8,528069	196,776098
3,427153	196,879795
6,402090	195,881713
2,271242	197,203847
5,554739	195,881713
1,844934	196,853871
5,906733	196,763136
8,296617	195,998372
2,489356	197,294582
6,408144	195,868751
9,363776	196,970529
5,192739	196,737212
6,195511	196,218728
7,616912	197,307544
14,534154	195,946524
9,921632	197,139037
3,320672	196,581667
4,927613	196,426121
4,027706	197,346430
2,352189	195,959486
6,844345	197,359392
2,723512	196,503894
3,513043	196,698325
2,552996	197,437165
3,421069	196,102069
1,751074	197,605672
4,369082	196,542780
1,041728	197,087188
3,243663	197,501975
2,835615	196,335387
2,744648	197,955649
4,125072	196,568704
3,368628	197,346430
7,773830	197,566786
3,253473	196,607591
5,040888	198,098232
9,240126	196,607591
4,942962	197,618634
4,955777	197,553824
7,925892	196,698325
5,155820	198,098232
5,843768	196,594629
6,703100	197,787142
9,777169	197,514938
2,794362	196,905719
7,525781	198,176005
2,258703	196,698325
5,755782	198,111194
2,956099	197,359392
12,219812	197,229771
2,436534	198,188967
10,818199	196,737212
2,161448	198,098232
3,066470	197,346430
8,419055	197,372355
3,896503	198,188967
1,288434	196,776098
11,458143	198,227853
10,959735	197,268658
3,671888	197,657521
2,723512	198,253777
3,019393	196,944605
3,996324	198,513019
1,550986	197,372355
13,218513	198,020459
3,780981	198,396360
3,787462	197,164961
5,900991	198,940768
2,400625	197,307544
12,448161	198,318588
2,866350	198,370436
0,454733	197,359392
7,835804	198,785223
11,132937	197,346430
7,859992	198,305626
5,668656	198,266739
3,791786	197,489013
1,798311	198,811147
4,111398	197,333468
1,970449	198,577830
5,004667	198,176005
1,555965	197,605672
0,776808	198,824110
8,771158	197,359392
4,573203	198,759299
1,165359	197,994535
2,104055	197,890838
2,487694	198,901882
12,113599	197,437165
3,625450	198,914844
2,166019	198,046384
2,466160	198,305626
1,371162	199,005579
3,768042	197,644559
3,006293	199,083352
5,958576	198,150080
2,688511	198,616716
1,003933	199,109276
14,101568	197,890838
5,040888	199,381480
1,720449	198,266739
13,404874	198,888920
4,305483	199,174086
0,599120	198,072308
0,983924	199,524063
3,312721	198,137118
2,095080	199,122238
2,185898	199,096314
1,622856	198,253777
2,229094	199,627760
3,187134	198,176005
1,856010	199,316669
8,469813	199,044465
1,276235	198,448209
4,226238	199,588873
2,598822	198,214891
1,518855	199,498139
2,507675	198,966693
4,691112	198,577830
7,210804	199,705532
0,488069	198,214891
1,846316	199,614798
1,992102	198,862996
3,798278	198,927806
2,922929	199,731456
2,454612	198,331550
1,496849	199,822191
1,910587	198,837072
6,002002	199,200010
0,578078	199,692570
1,495632	198,422284
5,880922	199,925888
2,283824	198,785223
0,560873	199,472214
3,340601	199,822191
2,309116	198,694489
1,035859	200,185130
0,630772	198,875958
6,536126	199,951812
2,224441	199,912926
3,257402	198,940768
1,296233	200,340675
1,554719	198,940768
2,819428	199,835153
0,961348	199,912926
0,995329	199,174086
0,285000	200,496220
0,290605	199,031503
1,729735	200,314751
4,624552	200,003661
0,683849	199,420366
1,615198	200,522145
2,277527	199,018541
1,167455	200,392524
1,272920	199,770343
3,521293	199,537025
3,431213	200,522145
2,120571	199,251859
1,151791	200,612879
1,106570	199,679608
1,645963	199,861077
0,205038	200,586955
0,832324	199,251859
0,537954	200,755462
2,219794	199,640722
0,684614	200,198092
1,809215	200,612879
1,616473	199,342594
2,172124	200,859159
0,541290	199,679608
1,259712	200,405486
0,576691	200,586955
2,472773	199,511101
0,331562	201,688734
2,117563	199,640722
0,384872	200,651766
0,181828	200,599917
0,294848	199,783305
0,765320	201,118401
1,895096	199,692570
0,259208	200,781387
0,726687	200,573993
0,564290	199,938850
1,370008	201,118401
1,036836	199,731456
0,604093	200,936932
1,290659	200,612879
0,708589	200,107357
1,470216	201,157287
0,293430	199,770343
0,592058	201,092477
1,142454	200,366599
0,279916	200,211054
4,710951	201,196174
1,136254	199,809229
2,365045	201,222098
1,057473	200,301789
1,376942	200,379561
0,306818	201,286909
1,294002	199,899964
0,280837	201,442454
0,476186	200,288827
1,666669	200,962856
0,453525	201,377643
1,005851	200,224016
1,234627	201,662809
1,016439	200,392524
1,334517	201,377643
0,847855	201,351719
1,557211	200,457334
0,668646	201,844279
1,622856	200,599917
1,460602	201,597999
1,204496	201,403567
2,712982	200,690652
1,554719	201,947976
10,120523	200,483258
0,273519	201,740582
1,028065	201,325795
1,255328	200,923970
1,847699	202,077597
2,678065	200,561031
0,474325	201,947976
1,630536	201,260984
0,762056	201,079515
2,930280	202,064635
1,441489	200,612879
0,151495	202,090559
1,256423	201,157287
0,370181	201,390605
1,906355	202,064635
0,266310	200,703614
0,910774	202,168331
1,634385	201,079515
0,924407	201,597999
2,275955	202,064635
0,360036	200,833235
0,954822	202,362763
0,997237	201,118401
0,550694	201,947976
1,410754	202,168331
2,959799	201,105439
0,873235	202,544232
0,663371	201,235060
0,445114	202,194256
0,750696	202,194256
0,546653	201,377643
0,401577	202,699778
1,341343	201,312833
2,280674	202,492384
0,749081	202,116483
2,074229	201,546151
0,747468	202,764588
1,588566	201,286909
0,882088	202,894209
0,385973	202,155369
1,481076	201,844279
0,484298	202,868285
0,859178	201,377643
0,942771	202,518308
1,285100	201,999824
0,469383	202,142407
0,212460	202,842361
1,633101	201,416530
0,526043	202,894209
0,435612	201,870203
0,664123	202,259066
0,545981	202,777550
0,580163	201,468378
0,868827	202,984944
0,553398	201,740582
0,567033	202,453498
3,025018	202,738664
1,203428	201,636885
0,311192	203,075678
0,230210	201,792430
0,957615	202,725702
1,512723	202,777550
0,486182	201,844279
0,184736	203,347883
0,418109	201,909089
0,434432	203,010868
2,444741	202,829399
0,364288	202,090559
0,444517	203,516390
0,191746	202,090559
0,881201	203,399731
0,694610	202,946057
0,813569	202,518308
0,270803	203,594163
0,302959	202,103521
0,600539	203,503428
0,444517	202,751626
0,200044	202,725702
0,282683	203,607125
0,370719	202,181293
0,143428	203,879329
0,162855	202,803474
1,662775	202,920133
0,394847	203,594163
0,105854	202,259066
0,197383	203,762670
0,451715	202,829399
0,848723	203,153451
0,226107	203,607125
0,212460	202,362763
0,230210	203,879329
0,266757	202,751626
0,503961	203,334921
0,882977	203,594163
0,708589	202,518308
1,496849	203,970064
0,248324	202,647929
0,631502	203,658973
0,729862	203,542314
0,694610	202,725702
0,379393	204,073760
0,096135	202,609043
0,183279	203,814518
0,907159	203,503428
0,414658	202,920133
0,293430	204,190419
2,425072	202,738664
0,357920	204,151533
0,330047	203,633049
0,309244	203,944139
1,152832	204,462623
0,433843	202,984944
0,667136	204,423737
0,301518	203,581200
0,701579	203,684897
0,579467	204,462623
0,132538	203,036792
0,931727	204,579282
0,408372	203,594163
0,403835	204,021912
0,203879	204,657055
0,520145	203,360845
0,500120	204,942221
0,710934	203,736746
0,374500	204,371889
0,138392	204,657055
0,503319	203,503428
0,592058	204,955183
0,356865	203,607125
0,440348	204,371889
0,437977	204,540396
0,440348	203,607125
0,333081	204,981108
0,970717	203,607125
0,489330	204,592245
0,438569	204,423737
0,965089	203,710822
0,410652	204,825562
0,288730	203,451579
0,341249	204,734828
0,410652	204,268192
1,036836	203,840443
0,413511	204,942221
0,277164	203,412693
0,486182	204,825562
0,516884	204,112647
0,058054	203,995988
0,443324	204,851487
0,686913	203,386769
0,316586	204,955183
0,532642	203,918215
0,341249	204,203381
0,592058	204,786676
0,222448	203,438617
0,336641	204,955183
0,503961	203,970064
0,473706	204,320040
0,373417	204,734828
0,618431	203,490466
0,430318	204,968146
0,338173	203,646011
0,702356	204,475586
0,710152	204,721866
0,595583	203,568238
0,485553	204,981108
0,576691	203,516390
0,345375	204,566320
0,495025	204,514472
0,811031	203,671935
0,113546	205,019994
0,738635	203,503428
0,537954	204,682979
0,433843	204,475586
