60,690349
54,525710
52,358854
42,085805
54,823631
67,060955
26,976263
48,528537
57,798750
47,417717
21,140063
32,347953
50,632646
47,935433
44,505297
65,650522
47,125312
39,594034
64,087167
49,875720
66,911489
57,906576
34,160391
52,220765
45,853705
54,125967
50,571307
51,995352
38,549629
44,853855
64,887438
30,207348
46,521155
44,550165
43,097075
45,556689
51,633626
54,849592
61,123597
47,876403
36,236027
48,373839
47,664318
56,502573
49,439876
41,229244
45,045808
36,704528
37,754019
58,719794
40,405874
50,143392
42,399350
45,465571
50,595836
55,908258
58,149703
36,177758
55,005534
31,705742
35,579450
34,950126
54,177431
48,958743
82,109460
53,218194
35,111480
54,927524
51,770624
51,596307
59,940835
28,510902
58,556511
51,248910
29,747206
29,392680
46,741272
48,148362
67,165721
43,537200
39,977707
59,996129
52,736763
42,976587
46,648502
47,324010
44,673717
56,026768
58,747039
36,168053
32,338972
33,465802
28,675859
40,437329
70,548699
57,422470
52,070414
47,793847
35,502752
35,435737
50,094650
37,454904
43,991577
35,964662
40,795004
37,098147
41,431565
59,376133
25,271441
52,421706
27,470622
47,253814
36,783018
50,363144
39,521737
38,014591
59,871767
44,932825
48,278811
57,516378
35,311512
42,453574
57,409063
39,130871
52,208224
46,579010
37,594285
45,613703
54,087392
32,482870
66,064029
54,396535
46,706468
32,043576
46,997054
62,081579
47,043665
51,323214
43,371787
40,826669
36,861626
49,259064
36,989611
51,895389
49,718023
45,785043
43,415854
56,462815
38,926236
28,585052
18,182026
75,895748
37,088271
38,803814
47,959059
56,568882
48,827009
37,884149
56,145454
29,849039
54,616261
62,721330
60,148375
39,915315
41,367600
39,759630
43,119007
54,241809
35,829510
50,927800
64,726822
42,562166
37,734026
55,540689
31,476017
60,384199
41,293060
47,265508
44,036083
30,898041
46,741272
41,892007
64,145132
66,553733
54,138830
55,383681
54,396535
47,335716
42,399350
25,522305
54,681005
46,129072
50,106832
39,666423
52,233308
66,375363
55,921417
43,802776
41,346293
32,853632
69,561347
58,434259
17,389172
62,864125
21,756251
49,066710
27,550937
63,841227
48,528537
61,742268
44,494085
48,290683
44,842582
44,460460
49,464019
31,936624
50,179970
45,945366
50,412069
59,637356
59,927016
42,399350
41,999595
49,633253
49,827161
63,754584
57,852645
55,645535
65,077618
37,894172
45,272369
50,583571
48,827009
42,064241
56,000417
56,502573
53,472814
64,391898
36,587011
40,259313
17,971054
21,200467
53,843532
45,340492
54,474014
38,763066
58,176762
48,065478
53,753883
31,573067
38,681660
38,125209
66,657939
53,664340
59,019978
50,436544
41,559704
44,651235
34,263097
52,825217
41,420900
29,772642
55,645535
47,312305
37,405213
45,922438
43,393817
24,388257
36,129250
39,315681
42,856335
42,312693
62,992837
24,115747
27,906244
66,390215
45,682185
51,870419
44,797507
46,336356
35,675483
36,684924
50,829282
40,795004
43,769518
51,583872
43,020373
32,347953
32,491879
28,907904
39,192407
52,774659
31,546578
45,888063
63,567142
57,194858
32,962699
57,489536
54,836610
80,174880
49,657463
45,125014
48,886857
27,103249
45,340492
44,527727
54,512783
62,194975
38,661327
43,404834
29,968148
46,880668
53,370863
42,042685
51,783091
48,886857
64,595619
65,385665
52,875809
54,035989
49,500249
47,947245
33,742451
42,291047
39,884144
45,420060
40,826669
61,516788
45,636522
35,120987
63,279530
25,468949
58,938003
31,229911
73,299092
47,817425
56,994551
47,959059
43,327751
31,990069
43,791688
81,902462
49,403676
52,825217
38,074901
57,248356
35,321057
56,317201
50,131203
45,011892
61,474576
26,355266
53,971783
44,887688
33,245617
46,706468
52,245853
56,303977
47,394278
42,312693
49,295189
44,180944
47,699620
46,683276
47,923623
33,245617
35,073468
49,778634
44,348506
42,258594
50,009431
28,387614
21,113254
25,461333
35,637048
54,499858
49,259064
37,167331
60,092981
23,153409
47,300603
45,922438
71,326936
40,615892
36,528350
26,589917
49,102737
53,677125
48,053646
59,568535
49,936467
54,474014
37,854091
59,857960
53,053148
49,174845
34,403496
30,663726
41,442233
43,327751
40,510788
43,173871
50,106832
53,307214
36,352760
50,816976
71,436372
38,024638
31,264987
75,863097
50,915478
46,094588
40,384914
48,504715
45,125014
37,994503
55,396753
50,350918
71,030494
56,675089
54,474014
54,254691
64,261174
37,088271
53,434566
59,913201
51,385191
40,742267
45,068428
54,745803
39,521737
59,913201
57,825693
53,180074
44,673717
61,530864
37,864109
51,670964
45,295069
56,119064
54,875560
49,718023
53,587672
27,198757
41,527643
57,435879
69,224215
42,692733
54,629206
43,991577
44,180944
36,226311
41,613176
35,349702
53,345397
48,207627
43,217798
13,712705
48,041815
47,429440
39,028460
32,554985
31,502465
36,245745
47,160333
37,325802
43,009424
29,233262
37,009328
42,627415
42,551298
36,489279
52,434283
51,521726
50,204367
33,172446
48,719411
52,749393
37,078397
41,176116
35,829510
57,731430
33,521005
48,695523
47,687850
49,900013
61,039573
36,333287
57,744889
56,317201
58,992644
33,603929
62,764144
56,861288
64,130637
47,499818
24,240694
38,407792
41,613176
32,536946
64,508254
40,343017
59,348683
45,442812
53,984620
45,249677
49,500249
46,313292
47,335716
26,652732
22,833855
33,872095
43,758435
24,284898
74,243231
39,408313
40,186172
51,970349
59,871767
64,232149
47,265508
61,968330
64,203134
40,238406
36,274909
39,233468
54,849592
61,362108
64,188630
49,536498
57,933555
42,075022
60,398091
59,499769
54,732839
42,421034
57,596956
39,988112
58,869751
65,916137
25,844051
70,393776
46,521155
66,004844
45,204317
59,293809
58,082096
49,633253
32,249260
43,736277
71,812483
40,868915
28,379408
36,236027
53,434566
50,424306
41,059403
43,404834
40,911193
41,881258
66,375363
53,103893
37,375420
63,480762
66,568613
42,421034
48,243210
43,217798
43,691982
60,620673
39,038693
47,947245
29,527392
55,868794
64,770599
37,137670
55,803064
41,591781
37,994503
31,107358
40,207060
35,474021
50,510020
29,951112
61,657645
47,947245
61,081575
44,404458
28,593299
39,811478
55,318353
27,800940
45,385948
45,511114
61,460509
54,357825
31,177347
67,120807
33,245617
47,136983
51,038793
38,256228
22,106892
58,529328
52,509789
24,307021
40,700111
44,595066
50,927800
34,553694
52,145551
59,678675
18,067291
54,668052
45,431435
38,987548
56,066310
56,383357
51,187048
57,637275
49,512330
57,154757
65,871816
70,657289
45,351853
52,749393
39,521737
26,936665
69,239514
64,799794
47,593769
39,707830
61,812850
58,515740
71,248840
33,447415
38,752884
35,694711
56,701662
53,180074
59,129404
33,937046
30,447865
39,223200
50,277605
30,019294
50,780073
37,514595
32,735758
41,261143
57,583521
64,770599
49,912162
54,396535
50,632646
51,310825
35,216160
46,498027
50,903158
41,741706
41,570394
50,632646
67,255612
50,265393
36,119554
41,420900
31,520105
55,253080
48,029987
56,039946
40,322080
35,848796
44,102901
38,732525
59,775166
37,365493
48,862912
69,561347
53,205485
52,837862
33,964909
48,255075
51,970349
53,421821
37,994503
54,241809
59,060996
52,977094
41,112426
36,352760
57,208229
45,340492
49,102737
27,278524
31,273760
48,731359
29,451564
34,197714
30,854556
50,510020
43,064191
41,282419
51,236534
54,875560
45,204317
43,769518
38,074901
33,401477
29,985190
42,670953
47,994514
19,814985
50,485520
48,611980
54,914530
55,226985
65,812753
40,689577
53,472814
64,479151
77,856445
31,229911
61,587188
63,682445
63,841227
39,821853
49,427807
31,194861
52,296054
47,242122
39,008000
46,927198
48,588129
49,319283
44,013826
47,687850
28,899594
60,037624
42,878181
43,526159
32,070353
37,147555
47,888205
47,947245
54,370726
55,514499
41,484923
56,701662
44,393264
44,102901
65,356283
50,045941
43,581384
66,926425
49,210926
47,758497
72,616370
52,648414
64,174129
65,370972
33,788713
56,026768
64,595619
35,790960
49,875720
38,651163
54,940520
38,044738
62,593009
27,825217
40,816112
38,559774
24,566144
34,478538
44,102901
46,752877
43,151920
42,075022
45,727880
44,225584
57,489536
39,532060
41,324994
42,627415
43,250763
47,935433
52,233308
40,123553
22,566369
37,534507
53,192779
50,399835
51,409997
43,913767
44,438053
43,935988
57,502956
47,582018
46,014196
49,633253
47,676083
29,823558
30,585894
67,977808
31,741187
33,291406
41,827546
32,880875
62,479102
52,333728
51,347999
48,647772
50,314252
59,857960
28,182951
26,254028
61,940040
33,072017
45,556689
43,272750
42,976587
25,583376
53,294490
44,214421
47,312305
49,415741
36,148648
50,131203
37,714041
42,334345
64,872825
42,594782
60,384199
55,070602
60,037624
59,568535
29,594907
36,313820
37,365493
61,081575
67,090876
47,770278
51,360394
62,964219
61,418324
27,534861
57,529802
40,521290
36,411225
51,323214
46,880668
59,692453
51,063482
53,078516
62,564519
50,070291
39,233468
48,659707
39,728544
52,383988
53,792291
45,057117
58,856108
48,397616
33,622376
42,301869
42,562166
67,616028
42,236969
50,571307
48,278811
44,047214
53,817907
64,697650
69,056083
56,847974
52,308610
48,207627
54,590379
27,906244
34,216386
42,660065
40,795004
55,881947
65,062975
46,567435
47,970875
41,870512
36,284634
21,811001
33,686995
42,226159
18,590561
52,170614
34,011381
44,977994
46,857415
36,343023
33,835019
51,075829
69,838045
35,063969
41,527643
58,122654
61,671743
51,199417
46,857415
56,409834
47,629034
50,094650
48,683583
51,063482
30,250201
45,773606
43,847149
64,916671
45,556689
61,897623
62,053253
51,397593
35,120987
44,910252
51,014114
50,314252
50,350918
66,657939
47,183691
31,046206
45,170318
52,107973
54,409443
41,677406
41,730984
28,866373
55,135724
42,660065
50,485520
62,422204
44,662475
50,534528
49,693792
52,070414
59,115718
55,122695
59,871767
47,464620
42,725419
29,832050
31,767788
58,638112
38,793624
61,109587
36,518580
39,873757
31,528928
37,714041
65,282868
39,315681
41,613176
58,570106
50,412069
68,053350
64,261174
69,101909
63,035783
45,979772
50,045941
37,315883
41,165496
46,474907
60,342535
53,447313
56,954549
43,239773
54,732839
33,126770
29,645614
43,272750
53,294490
50,706322
45,442812
61,996628
67,947607
35,483596
52,195685
43,404834
31,829919
28,791720
39,956902
43,891553
57,717972
29,535826
30,845865
31,423167
31,317652
50,510020
50,816976
54,693960
53,869165
65,048334
31,107358
57,489536
37,754019
56,013591
58,924348
48,671644
41,591781
55,803064
36,100167
56,171852
39,018229
59,184170
58,420686
41,091211
56,079495
56,555616
52,951760
54,383629
45,476954
37,844076
45,590891
55,947742
69,561347
54,810655
52,032874
50,767776
59,088352
48,970731
41,924263
36,226311
47,300603
53,485567
33,493396
62,010781
58,938003
25,721155
46,857415
40,953500
54,810655
59,651127
62,194975
55,698010
50,179970
44,887688
38,316804
48,588129
50,767776
42,421034
42,345175
35,512333
46,094588
42,790842
32,383893
53,065831
46,428691
45,226993
40,805557
68,462306
20,799988
47,148657
65,077618
52,977094
44,966699
33,631602
47,394278
26,511541
32,817332
47,218744
48,361953
42,366839
43,217798
48,922791
68,295485
29,815068
33,465802
41,741706
46,706468
36,391729
47,347424
37,276229
29,224888
31,634934
62,351132
45,876608
48,231347
44,337321
69,607410
38,276412
62,978527
37,048785
34,760957
41,741706
37,355567
36,940349
53,129278
49,090726
39,967303
45,545293
43,217798
59,871767
54,396535
43,272750
41,741706
41,452903
62,010781
43,636659
20,496469
42,161340
64,785195
47,959059
47,394278
51,970349
52,107973
46,060122
71,592915
41,591781
42,551298
48,302556
46,729669
42,725419
46,278712
40,542299
64,989794
39,604370
54,241809
26,905014
52,045385
50,755481
58,938003
35,435737
61,516788
47,687850
57,502956
62,792699
47,805635
56,264317
46,037155
59,266386
36,577229
36,557672
37,644151
51,608745
33,733204
29,266774
52,547570
49,234991
43,880449
62,892712
45,830809
36,284634
61,954184
61,516788
62,907009
52,484612
52,837862
48,018160
34,366017
35,044977
51,100530
32,097145
57,879606
36,168053
38,641001
49,985101
46,636915
39,852990
34,940650
24,432646
37,167331
45,705028
61,925899
60,578895
50,952451
55,698010
39,315681
33,686995
44,595066
61,235756
38,125209
41,207987
38,367334
48,767212
68,751129
51,982850
44,281428
46,221118
44,628761
53,192779
52,459443
39,356832
31,608409
44,752465
28,700660
56,356888
66,538856
51,273670
29,510530
41,463574
47,394278
50,952451
41,239875
47,511555
31,590735
43,935988
48,862912
52,233308
42,605658
52,787296
34,789287
59,554777
47,582018
50,940124
47,242122
40,384914
53,625996
44,314958
65,473866
51,546578
51,211787
61,263818
41,709547
43,791688
59,885576
40,890050
21,153476
52,888462
31,776659
44,136336
48,910811
61,756380
47,452891
52,358854
56,171852
39,018229
55,018543
43,493047
34,563096
54,125967
67,977808
49,705906
56,834662
33,613152
66,256638
64,814396
53,015112
32,428857
46,613747
34,836539
37,286140
34,506708
42,627415
26,394275
38,977325
43,151920
41,549015
52,913775
50,497769
37,724033
46,752877
63,222118
41,133648
58,924348
50,755481
47,136983
46,175079
25,820978
48,278811
42,910966
47,793847
32,455856
31,696885
49,705906
68,857755
47,758497
39,769996
50,436544
31,484831
50,289818
37,246508
41,091211
35,704328
18,843608
52,509789
58,257990
49,102737
58,217366
53,396338
27,031769
38,074901
41,186738
56,555616
51,733236
48,850942
46,544291
52,484612
57,154757
57,194858
48,731359
36,022692
50,253184
36,090476
57,677614
40,301150
68,159209
52,837862
43,239773
58,339298
44,808773
40,332548
25,975070
38,195719
59,802755
55,409827
56,013591
35,321057
42,573036
42,823579
51,434811
37,804032
42,769026
49,439876
30,430641
46,405595
51,870419
41,144262
38,549629
59,376133
46,544291
46,405595
37,644151
39,295116
49,042703
27,422511
38,569921
38,620683
48,755259
52,913775
31,741187
37,494691
48,838974
55,109669
46,787705
46,845792
47,817425
49,138781
70,440228
37,108025
54,357825
49,948622
43,239773
27,422511
47,546777
46,347891
37,854091
60,453682
46,729669
45,522505
48,803084
31,776659
24,984671
40,416357
30,113220
39,048927
61,165640
47,582018
52,032874
42,172138
32,016815
30,301680
68,827278
53,370863
36,528350
49,042703
47,101974
51,882903
60,787989
39,356832
41,623876
47,734940
38,905814
43,195831
31,776659
44,662475
45,682185
53,587672
32,347953
66,553733
61,770494
62,878417
25,537563
42,215351
43,151920
29,426318
44,314958
43,869347
31,326436
35,359255
59,747586
42,421034
28,717201
42,323518
44,438053
38,671492
34,291145
28,060642
61,911760
51,808031
35,926011
47,113642
52,446862
41,613176
65,385665
41,538328
29,866035
48,053646
42,867257
50,915478
50,326472
31,203621
38,834394
52,762025
58,339298
53,830718
65,297546
34,770399
44,797507
46,244150
26,215161
43,162894
24,321777
34,997529
49,512330
48,958743
64,931291
49,609052
57,502956
54,241809
28,609798
39,161630
32,944504
44,662475
43,526159
68,705468
47,664318
58,542919
51,534151
47,055322
44,158636
57,275119
44,314958
41,133648
42,064241
57,074614
43,858247
22,706882
60,718235
35,858441
49,427807
48,874883
53,218194
31,011300
47,218744
51,199417
43,294745
60,690349
41,988828
69,056083
58,230905
49,271104
45,865155
47,793847
47,582018
45,750739
43,902659
31,901028
67,060955
50,804673
53,587672
60,704291
57,007890
40,858351
41,698832
46,822551
41,112426
37,514595
42,692733
47,734940
41,027612
48,982721
46,324823
50,448785
53,817907
40,133985
40,985251
57,570088
51,583872
40,784452
23,360958
37,704051
28,991089
31,467204
58,774293
52,045385
56,158652
55,632422
48,409508
23,649317
41,698832
52,850509
69,346675
47,841010
55,135724
69,224215
52,875809
39,604370
26,215161
42,867257
60,453682
30,715689
59,761375
71,030494
55,724260
39,449532
51,298438
55,488318
29,401087
51,211787
57,596956
34,855453
44,337321
50,522273
45,374581
28,272877
44,707454
21,341868
64,174129
54,849592
46,625330
53,715495
64,785195
65,297546
38,236051
44,831310
34,441003
47,699620
51,447221
69,101909
37,355567
57,933555
63,480762
43,371787
46,822551
66,971247
35,742813
34,123096
69,132471
63,265174
39,408313
49,560675
41,559704
54,538640
48,421401
58,339298
63,567142
39,977707
42,670953
41,388914
65,562152
41,978062
50,497769
46,083098
26,160814
51,995352
43,140947
56,132258
49,427807
41,506279
43,647720
51,907877
45,819365
45,397317
63,769019
44,236749
43,991577
29,552698
53,485567
64,145132
51,409997
33,946332
54,590379
32,753873
42,779933
45,670766
53,958948
45,796481
54,706918
55,044568
63,523942
28,240154
50,216568
63,279530
57,637275
64,174129
68,204613
64,785195
54,061686
44,069483
37,098147
50,277605
55,776788
47,947245
49,307235
36,226311
43,119007
43,119007
43,031325
49,138781
49,924313
60,983602
45,192982
51,137597
40,615892
24,700142
50,620374
31,142339
68,431953
39,863373
29,300312
36,528350
49,090726
48,278811
45,613703
66,449643
70,424741
34,048592
29,057757
65,356283
41,730984
34,076518
52,977094
45,511114
42,193740
44,628761
43,217798
49,283146
53,587672
22,024044
45,910978
47,253814
28,717201
61,390211
37,266320
53,370863
36,236027
32,609144
54,862575
45,329133
39,738905
42,496988
36,343023
49,669571
54,435265
47,300603
63,423221
56,171852
51,695866
51,051137
48,827009
51,683414
42,258594
47,312305
57,021230
30,585894
49,283146
32,052500
44,921538
40,552807
59,609821
55,057584
32,618177
39,790733
29,917061
40,008928
63,668024
39,998519
29,493674
45,351853
41,978062
42,714522
55,435982
47,582018
65,901361
64,130637
43,151920
49,307235
42,107377
49,066710
44,989292
57,301890
69,499965
54,953519
73,442560
26,605611
37,058654
46,509590
38,074901
42,518706
52,383988
41,999595
41,730984
45,819365
61,728158
50,890840
44,247916
51,409997
45,556689
59,252678
36,940349
40,405874
31,829919
55,057584
45,499726
22,412492
57,704517
68,842515
42,226159
40,019339
28,808298
35,704328
54,901538
46,232633
53,129278
45,670766
35,378364
55,593095
40,175731
62,180792
41,207987
29,107827
29,586462
41,602478
54,681005
38,732525
43,891553
42,681842
48,611980
57,744889
50,253184
44,449256
45,238334
37,345643
58,815190
28,841474
47,699620
58,434259
55,292237
46,336356
51,658516
56,635245
53,856347
60,620673
54,048837
58,230905
25,744167
33,328068
49,138781
39,956902
63,107404
45,556689
37,604255
37,019190
44,158636
49,985101
51,063482
57,141394
42,096590
29,968148
30,672382
33,909199
36,900973
49,210926
40,144419
42,867257
44,091759
58,760665
52,875809
35,054472
56,198260
60,356421
54,953519
25,484186
26,495885
49,391614
58,624507
38,105080
56,847974
47,195373
59,334961
56,185055
38,834394
32,285124
34,216386
57,583521
38,854791
34,487926
47,852806
62,607258
33,163307
44,606296
30,379011
40,636935
52,220765
58,924348
69,453952
31,634934
55,540689
55,566887
37,117905
36,714333
39,325966
46,417142
43,228784
52,951760
40,752810
57,893090
29,116177
62,365341
45,023195
54,203176
29,041080
49,730141
29,451564
33,937046
56,132258
47,148657
46,186586
43,548243
47,711391
67,932510
58,965319
39,936104
44,516511
32,980902
48,755259
53,332667
40,458308
45,956832
59,954655
42,042685
48,540452
48,397616
40,133985
64,246660
51,670964
51,509304
69,117189
33,447415
61,770494
59,417325
46,776094
62,351132
42,291047
59,927016
59,623587
44,180944
32,762934
49,669571
50,522273
58,869751
40,510788
27,486672
59,417325
48,468997
37,924252
59,816553
61,897623
59,940835
61,954184
50,927800
50,890840
47,394278
60,245400
48,970731
35,926011
55,226985
60,245400
45,488339
41,935019
44,471666
51,026452
31,151088
59,376133
51,907877
32,735758
38,926236
40,468800
57,128034
41,784610
29,308701
49,609052
23,808949
64,188630
44,763723
23,526469
44,047214
57,288503
49,900013
56,688374
37,177221
46,660091
34,883836
38,155417
51,310825
56,066310
57,866124
55,698010
54,010300
36,129250
40,742267
22,615480
34,742080
35,292427
31,812159
46,083098
49,198897
65,194848
60,815907
46,428691
60,300892
39,956902
31,776659
36,381984
24,388257
56,608693
29,333877
50,021598
51,832980
32,826404
47,417717
41,709547
55,501408
48,065478
44,180944
43,020373
29,032744
37,574352
34,478538
38,276412
53,167372
32,600114
47,441165
51,224159
42,139749
63,179083
34,988045
39,594034
57,208229
73,060419
49,391614
58,610903
33,696233
43,570335
54,448179
47,441165
38,266319
38,276412
70,999340
50,375372
31,918823
58,502155
38,377446
24,469678
44,831310
45,590891
55,240032
60,051460
47,947245
62,607258
29,687915
37,644151
47,382562
44,080620
45,374581
49,222958
57,181488
35,168551
29,124530
46,175079
38,967103
64,712235
31,168593
57,476118
63,207771
55,161788
33,807230
36,469755
33,650059
51,447221
36,969901
46,903929
29,016077
31,186103
49,319283
43,780602
64,902053
38,326906
56,808044
47,817425
53,218194
49,403676
67,210656
30,044890
50,878524
42,845414
48,089149
55,960907
51,137597
54,629206
37,774019
42,670953
45,750739
56,941220
47,382562
46,290237
50,952451
55,566887
54,797680
66,375363
46,094588
48,350070
50,387602
40,668515
54,280461
41,709547
46,776094
25,522305
57,261736
45,158989
67,240624
38,428032
55,593095
48,683583
31,028750
39,873757
57,034573
45,716453
46,776094
42,453574
28,519134
54,538640
43,515119
63,927953
46,255669
34,874373
33,696233
47,935433
48,041815
46,106081
73,714098
49,186870
56,608693
44,684961
60,662472
46,186586
58,122654
51,187048
44,069483
41,420900
57,382257
48,791125
55,776788
30,525453
60,134523
35,502752
62,251727
51,310825
56,053127
35,082968
57,596956
62,907009
56,781436
33,668524
62,251727
66,583495
36,459995
49,403676
41,741706
56,079495
24,181840
51,683414
46,810934
45,363216
32,582057
26,597763
41,967298
56,409834
42,388511
49,900013
55,370611
37,974422
40,447817
60,189943
44,516511
49,331333
54,486935
62,280117
21,053020
32,518914
49,887865
55,109669
28,272877
36,596794
45,420060
65,033696
53,281769
36,743759
22,342785
55,187860
53,613219
37,425084
51,422403
56,582150
36,080788
36,411225
51,422403
60,037624
56,171852
39,842609
67,691286
39,511416
33,807230
27,744352
57,034573
43,119007
46,440242
40,742267
33,825754
40,343017
31,011300
38,145346
55,253080
38,377446
42,377674
48,136516
44,036083
45,922438
53,907630
32,321016
35,974329
48,172062
36,587011
60,189943
35,733189
34,798734
46,764484
36,704528
46,787705
47,605522
28,256512
36,119554
54,966519
36,168053
36,003341
76,830481
66,494239
33,872095
36,042050
41,902757
47,770278
45,807922
33,364759
63,624775
45,397317
55,240032
48,719411
56,635245
46,463350
42,258594
32,771996
34,151065
37,088271
35,771696
23,124881
43,891553
26,122043
55,908258
48,623909
39,832230
67,360593
30,173097
35,858441
36,333287
51,596307
49,633253
38,509067
38,165489
39,141122
44,426853
36,635944
50,497769
48,874883
46,706468
60,231532
53,027788
50,412069
57,866124
21,879570
44,932825
41,112426
44,505297
45,034501
63,567142
51,808031
42,075022
51,063482
63,956880
55,096644
36,177758
25,913358
36,168053
39,233468
42,583908
43,769518
52,358854
42,834496
58,828827
43,009424
27,015902
55,266130
55,593095
57,623833
39,490781
63,265174
65,930916
31,361587
32,231338
36,714333
55,619310
61,109587
45,647935
40,573828
41,956537
31,317652
23,998554
15,247935
65,532714
47,900009
32,177614
38,185640
50,644920
53,651556
54,383629
59,184170
48,623909
44,887688
77,292625
44,180944
69,392637
54,564505
40,742267
58,747039
57,047918
53,103893
34,563096
55,579990
60,189943
40,710647
26,849688
53,230904
32,267189
33,035550
56,066310
59,899387
53,307214
69,745726
39,583700
57,328670
39,635388
40,332548
49,464019
49,102737
49,778634
39,967303
19,180446
50,583571
43,991577
57,893090
47,113642
52,308610
54,010300
49,875720
37,994503
48,719411
47,394278
30,915447
32,926316
35,598642
31,972247
66,643045
68,462306
44,977994
67,285595
54,100249
55,435982
27,446559
39,749267
63,870126
56,595420
31,528928
42,692733
39,832230
32,980902
68,903487
45,147662
24,969640
42,998476
40,395394
51,982850
35,035484
61,897623
60,899714
54,758769
52,964426
63,595954
52,057898
56,714952
51,063482
54,280461
54,138830
41,059403
34,319209
50,314252
54,448179
48,982721
46,776094
50,192167
52,183148
36,999469
58,678943
59,982302
52,472026
32,123953
54,836610
51,484464
51,832980
35,790960
60,732181
49,621152
61,685843
50,989442
58,733415
19,699730
36,871460
56,741539
55,409827
19,623147
31,901028
38,215881
49,210926
60,176085
49,295189
43,239773
38,034687
60,106826
38,468535
37,147555
47,066982
42,790842
66,479371
45,340492
60,620673
45,899519
61,235756
36,587011
46,106081
61,446445
30,027825
30,318853
66,821923
42,921898
42,845414
41,666697
52,095451
48,183915
38,630841
45,899519
63,007150
54,306241
32,132892
30,087584
42,118165
52,258400
51,832980
55,566887
58,082096
54,525710
59,623587
65,092264
58,379982
46,163575
66,792087
66,019637
40,447817
50,204367
55,096644
46,776094
42,823579
24,005867
51,832980
49,259064
48,278811
36,274909
48,898833
69,484625
23,598679
30,207348
38,529344
56,185055
42,345175
42,161340
60,217667
41,838284
51,907877
35,637048
51,720777
48,468997
63,567142
27,254577
58,883397
44,944114
25,568099
28,833177
55,724260
56,423076
33,337238
53,997459
46,938836
23,411246
48,029987
36,930502
57,395659
51,261289
45,693606
66,271470
50,106832
49,500249
25,461333
55,475231
40,426842
45,739308
47,829216
46,752877
45,922438
46,094588
53,843532
54,979522
48,219486
30,924152
48,207627
65,694739
37,864109
43,869347
38,946666
49,464019
49,030703
47,382562
49,042703
43,559288
74,307551
41,677406
51,546578
44,036083
40,552807
46,776094
67,781674
35,187589
21,735744
41,271780
55,409827
56,343657
49,863577
33,484196
63,007150
64,159629
49,596955
26,968340
46,336356
59,733799
31,670324
49,681680
49,730141
34,676064
52,220765
47,841010
43,184850
51,559007
40,447817
35,579450
41,442233
59,252678
41,956537
54,435265
51,286053
42,453574
51,832980
35,877738
46,950475
55,724260
36,871460
27,809031
47,183691
64,116145
37,544465
40,552807
33,090261
45,226993
62,194975
33,825754
65,797993
44,797507
43,736277
48,600054
65,621056
37,624199
56,821352
31,168593
44,853855
28,916215
55,409827
55,344478
63,064424
44,036083
47,312305
50,253184
44,080620
31,124845
51,857937
38,824199
49,633253
45,785043
42,085805
47,207058
26,652732
29,333877
51,347999
51,795560
42,280228
61,841098
70,440228
45,340492
53,625996
29,417906
40,500288
56,079495
31,705742
39,998519
35,349702
41,133648
29,679451
64,683067
43,991577
59,913201
52,951760
41,452903
53,958948
46,892298
48,516625
51,335605
46,278712
44,966699
48,326309
36,891133
57,275119
40,217507
44,741209
56,224676
54,280461
31,892134
36,812482
33,677758
50,473273
60,328652
26,347469
43,042278
73,426609
38,905814
56,648524
36,724140
53,460063
58,556511
39,439225
35,810231
45,853705
43,426876
41,356945
57,825693
46,209606
51,248910
55,266130
49,960780
41,559704
38,084959
34,188381
41,988828
37,315883
76,157310
47,160333
58,965319
26,137547
55,593095
38,773250
52,572768
53,332667
26,363065
52,283501
55,789925
43,228784
33,373936
45,613703
72,521466
50,350918
56,981215
44,147485
59,293809
44,538945
31,696885
53,638775
42,954705
30,776391
51,409997
50,106832
55,619310
40,363962
51,770624
45,991244
41,613176
53,907630
57,288503
30,387612
53,447313
59,913201
57,637275
51,683414
40,050584
41,924263
53,205485
58,230905
54,010300
57,114676
46,463350
62,978527
58,692558
52,145551
28,494442
21,531401
51,187048
55,213942
54,409443
51,088178
54,074538
35,916353
46,810934
36,042050
56,476065
46,359428
52,939096
28,313818
37,385349
42,779933
52,799934
36,100167
35,608241
37,794026
40,238406
43,703053
34,113777
64,319250
39,398013
48,100988
29,679451
64,508254
54,074538
48,457095
60,606745
71,765392
44,876408
58,095613
54,035989
56,119064
52,837862
50,192167
52,926435
53,154672
34,300498
34,263097
39,490781
57,516378
32,392882
42,182938
44,774982
64,145132
52,585371
48,994714
19,750898
32,123953
64,683067
56,887923
37,147555
47,476351
52,661029
54,164562
49,997265
34,394124
62,109914
54,409443
58,001040
33,723959
33,511800
47,417717
32,573032
58,774293
64,130637
46,694871
49,512330
30,422032
61,657645
32,150776
46,290237
59,802755
47,417717
17,295399
36,479516
57,061265
47,687850
51,310825
40,029752
44,036083
33,008218
51,174682
48,719411
31,874349
37,395280
33,770203
22,869211
41,123036
53,218194
46,117576
52,736763
39,408313
45,819365
55,881947
56,356888
52,208224
52,825217
52,120497
33,282245
46,244150
36,606579
38,175564
39,038693
51,001777
39,018229
54,771737
59,788959
39,439225
53,984620
36,704528
53,920457
52,107973
57,637275
49,451946
43,991577
43,515119
44,583838
16,563186
40,731725
69,853440
46,845792
53,613219
51,758159
38,468535
31,449584
66,956304
29,308701
42,834496
36,645737
48,266942
35,858441
55,816206
31,300090
58,787923
54,538640
51,895389
42,900036
44,696206
68,629415
43,009424
69,163043
47,218744
47,723164
48,516625
67,826900
39,801105
40,594856
33,751700
32,663366
57,825693
38,926236
44,125189
37,078397
62,664275
55,449063
42,301869
32,374905
45,215654
51,162318
41,591781
54,035989
35,916353
39,832230
52,572768
44,214421
46,613747
52,346290
56,370121
45,363216
55,318353
51,286053
54,914530
58,082096
45,079741
33,493396
51,236534
63,927953
56,714952
34,553694
59,362407
48,552368
27,938700
63,971347
44,114044
42,529568
38,580069
37,884149
28,281062
56,449566
26,402082
41,549015
56,000417
29,350670
55,031555
41,623876
49,730141
46,579010
36,792838
55,921417
32,303067
31,741187
41,431565
35,810231
50,399835
60,356421
52,497199
33,548631
41,431565
49,295189
29,713316
35,608241
52,484612
55,383681
49,790763
60,746130
38,916024
32,464859
56,887923
38,225965
28,684125
29,224888
38,014591
53,218194
40,426842
49,174845
60,453682
53,307214
43,625600
39,480466
44,370881
31,159840
54,642152
24,049778
34,029983
54,164562
42,431878
43,459952
61,263818
41,924263
37,147555
55,462146
47,758497
28,019954
53,167372
54,190302
53,523840
51,310825
42,583908
82,836882
53,281769
42,215351
40,689577
49,997265
41,935019
51,014114
74,468522
41,859768
35,579450
51,385191
50,780073
51,310825
26,029152
46,938836
34,235065
59,720015
40,374437
55,724260
43,316747
33,309734
50,866210
33,300569
40,071423
41,027612
25,713487
41,431565
45,670766
73,778093
48,314431
42,976587
37,088271
65,165527
45,170318
56,714952
48,994714
33,686995
25,120230
67,691286
64,829000
22,947126
30,190219
58,325741
45,888063
27,039705
50,045941
38,814006
25,736495
42,247781
35,340152
62,237535
42,247781
52,774659
53,715495
39,387715
43,393817
32,735758
45,716453
29,250014
42,345175
45,613703
53,843532
48,326309
54,642152
71,452015
49,006708
55,096644
52,095451
29,375871
53,002437
53,587672
49,742261
44,898969
32,645285
66,167692
38,236051
38,054790
67,932510
49,766508
38,752884
38,417911
50,412069
54,306241
65,370972
26,067829
66,049229
52,095451
38,549629
54,538640
38,752884
50,399835
33,263927
64,362832
44,820041
33,640830
36,930502
52,673646
39,925709
52,863158
50,952451
39,697475
48,898833
44,797507
55,331415
48,683583
31,998983
42,573036
30,318853
72,790589
34,657218
67,255612
49,198897
42,758121
23,360958
32,672409
52,145551
58,502155
30,061963
37,009328
27,567019
57,758351
41,581087
49,138781
24,729987
40,710647
55,566887
33,484196
38,946666
48,480901
43,504082
38,256228
51,907877
20,169996
51,236534
42,431878
33,291406
51,224159
58,339298
60,051460
36,138948
44,606296
49,186870
39,759630
50,546786
71,046074
43,482013
36,197174
66,375363
54,216051
33,410661
40,269770
23,339429
48,089149
52,534974
70,812622
47,090308
62,407985
45,727880
33,964909
47,758497
53,753883
56,821352
45,785043
55,658650
45,431435
43,206813
55,462146
50,595836
38,559774
55,031555
49,936467
67,270602
32,627211
31,883241
24,035135
42,507846
42,812665
42,161340
38,580069
40,773903
47,417717
35,378364
28,093222
36,323552
49,259064
34,940650
50,119017
60,342535
33,974200
55,684888
44,036083
37,684077
31,352797
52,724136
39,428919
63,236468
33,511800
31,449584
40,985251
56,330428
58,828827
31,546578
34,638379
50,595836
39,894532
54,177431
41,176116
63,351347
33,300569
34,666640
51,708321
41,006428
51,248910
52,045385
38,509067
27,087353
30,370412
41,967298
55,449063
25,105143
52,762025
43,836053
38,712173
40,721185
33,677758
64,989794
57,933555
39,367124
29,823558
31,652626
40,689577
47,582018
44,932825
42,823579
34,931177
40,668515
42,801752
59,554777
21,287925
66,509109
54,979522
33,383114
51,137597
52,812575
54,448179
34,375384
48,172062
40,458308
40,911193
39,697475
35,617841
54,499858
47,817425
67,001140
28,916215
35,187589
45,215654
41,186738
45,636522
52,497199
65,194848
34,487926
53,946115
48,647772
51,088178
36,635944
58,787923
52,283501
60,592819
44,774982
70,657289
43,559288
33,733204
51,298438
70,177288
29,024410
37,514595
62,992837
61,587188
54,512783
28,150299
50,657196
34,685489
40,154854
35,656262
44,236749
57,839168
43,947102
43,437899
45,739308
54,771737
41,442233
29,535826
47,113642
47,020355
17,039291
54,293350
49,924313
28,816590
66,553733
35,752439
56,768135
48,910811
61,235756
46,962117
46,985406
55,096644
43,736277
46,892298
49,066710
66,064029
44,673717
47,676083
46,718067
44,393264
58,719794
40,217507
65,768480
61,982478
55,422904
37,137670
24,270157
53,958948
34,151065
35,082968
37,714041
42,616535
35,512333
35,627444
35,340152
59,334961
34,263097
58,801555
32,654325
48,183915
59,074673
59,060996
47,546777
63,107404
56,661805
41,623876
67,300590
30,010766
32,980902
40,816112
40,447817
44,080620
54,100249
35,752439
30,577255
32,645285
40,500288
18,145740
51,162318
41,806074
41,816809
40,092269
62,322719
44,303779
49,705906
57,798750
50,718608
38,105080
24,812189
59,486023
64,493701
74,597478
52,220765
40,395394
54,525710
35,627444
31,865460
48,006336
47,032009
47,923623
54,409443
47,570269
42,758121
50,216568
56,383357
60,189943
38,590220
53,091203
25,408065
53,218194
36,274909
46,278712
34,770399
29,468403
27,502729
36,960048
61,841098
34,950126
42,845414
35,263813
56,794739
44,707454
28,272877
38,125209
34,039286
56,675089
60,829869
48,600054
32,699548
52,158081
42,258594
45,568088
53,536602
50,534528
61,123597
24,879585
55,776788
59,982302
46,140571
43,858247
56,901244
53,907630
28,363000
39,915315
62,251727
51,051137
48,516625
57,758351
60,523222
34,685489
32,034654
39,542384
39,079642
39,171887
36,109860
50,534528
43,991577
41,838284
42,660065
42,431878
47,900009
40,985251
37,804032
63,480762
54,344925
55,318353
41,176116
56,053127
52,711510
48,874883
30,976420
38,125209
37,484741
51,385191
34,450384
67,841980
52,070414
43,493047
51,298438
60,927667
67,796747
59,871767
48,803084
43,603488
26,246251
24,640526
52,774659
25,476566
45,773606
42,258594
57,061265
49,186870
20,946226
53,523840
34,002083
54,745803
35,216160
26,067829
34,459767
29,586462
36,187465
36,391729
42,356006
49,778634
52,572768
48,874883
66,866696
42,258594
44,729956
36,489279
40,942920
39,904922
57,529802
37,305967
51,014114
71,734011
58,109132
66,360514
63,711294
38,125209
44,460460
28,142141
41,463574
50,045941
35,723567
59,458537
59,940835
49,790763
50,989442
44,966699
37,504642
37,874128
46,613747
45,636522
57,275119
39,728544
59,761375
22,037837
41,356945
50,977110
57,677614
48,219486
50,387602
33,909199
44,136336
45,045808
43,206813
54,177431
58,815190
42,366839
33,493396
47,359135
35,235216
39,718186
62,521800
55,292237
61,474576
53,664340
44,853855
30,181657
29,594907
37,108025
49,839297
55,816206
56,476065
34,169719
44,550165
47,078644
50,253184
21,790459
52,296054
52,095451
51,534151
20,365452
42,823579
43,802776
40,837228
44,572612
54,564505
63,007150
30,147425
37,078397
46,741272
47,970875
44,786244
39,532060
53,638775
32,971800
56,092683
57,061265
38,549629
47,640794
47,617277
55,109669
39,038693
41,967298
48,266942
28,117674
55,645535
50,412069
66,182510
67,510766
47,923623
73,810105
54,474014
38,407792
39,141122
59,554777
34,581906
49,150800
48,791125
46,324823
32,582057
46,799318
39,223200
45,295069
53,562133
31,028750
40,154854
46,718067
42,453574
52,057898
47,746717
44,102901
44,180944
36,168053
36,704528
55,855644
36,100167
59,844155
42,954705
56,635245
39,852990
28,659334
31,256215
52,597975
43,075150
40,343017
39,079642
44,707454
49,186870
49,150800
47,699620
65,812753
40,332548
26,770786
62,949913
55,253080
40,868915
62,806979
51,211787
25,438494
62,892712
52,534974
24,064427
49,839297
45,226993
51,509304
31,901028
50,387602
52,095451
58,842466
60,134523
31,803281
40,040167
62,536037
37,944315
56,185055
53,984620
36,989611
42,736318
56,330428
25,636896
47,629034
48,445195
37,108025
28,395822
52,270949
71,108420
51,224159
46,602166
33,872095
58,815190
37,584318
40,332548
58,815190
44,527727
37,704051
59,623587
43,482013
43,053234
40,563316
44,876408
48,266942
43,184850
46,590587
31,414365
39,873757
39,656076
43,283746
40,280228
47,429440
38,763066
52,383988
45,226993
52,346290
40,061002
46,718067
49,900013
57,449290
60,439781
56,781436
35,589045
43,349765
44,673717
23,613140
51,695866
50,878524
50,546786
44,786244
50,314252
41,688118
48,695523
45,568088
65,960480
52,045385
45,476954
42,518706
49,536498
53,702703
53,741085
39,821853
49,439876
49,815026
46,094588
40,563316
44,595066
54,461096
51,845458
30,967705
54,668052
44,696206
36,950198
55,305294
29,772642
35,235216
46,440242
57,074614
39,811478
55,161788
51,409997
41,559704
38,509067
55,632422
31,998983
45,102374
52,158081
32,717649
39,563038
40,510788
46,221118
40,238406
46,810934
61,334014
46,129072
52,158081
38,478665
48,219486
40,050584
44,876408
56,582150
52,296054
50,940124
37,834062
59,761375
59,334961
50,143392
50,277605
38,458406
36,704528
47,101974
29,325484
49,693792
47,805635
39,182146
49,693792
45,351853
50,853899
50,841589
49,247027
59,348683
46,014196
38,885399
23,540899
38,793624
47,288903
53,689913
63,107404
44,203260
21,633408
58,706175
46,845792
46,301764
46,938836
43,691982
50,228771
57,825693
65,753727
42,551298
68,356114
57,516378
52,534974
33,474998
61,615364
36,724140
49,355439
33,355584
55,947742
44,639997
24,159795
41,816809
42,965645
54,461096
33,199872
34,328567
60,537137
45,397317
48,445195
30,138871
64,217641
33,797971
48,898833
57,435879
51,149956
52,610581
61,474576
35,082968
42,377674
40,479294
41,634579
50,277605
31,177347
54,100249
49,319283
67,796747
48,112828
50,915478
44,013826
24,130424
36,665326
28,527368
46,244150
39,018229
50,632646
49,584859
43,758435
52,951760
61,474576
37,117905
53,332667
54,914530
47,405997
38,539485
52,183148
31,387968
47,640794
60,259270
52,939096
54,771737
56,277535
30,785069
30,828486
38,763066
41,827546
48,112828
46,834170
65,547432
54,564505
41,720265
39,079642
39,295116
39,008000
60,983602
38,519204
58,028050
58,556511
36,881296
54,784707
73,028638
54,461096
32,150776
36,960048
64,770599
41,859768
43,294745
39,552710
35,974329
56,967881
27,833312
34,893300
40,584341
44,415655
44,808773
31,927722
69,653494
38,125209
60,732181
49,997265
63,179083
44,024953
44,314958
52,020364
46,973761
48,314431
25,698156
53,817907
30,802431
58,924348
56,053127
44,270255
50,436544
49,042703
49,403676
42,442725
57,395659
61,249786
27,342454
37,764018
50,473273
24,174490
33,853553
58,910695
27,728199
42,269410
50,903158
43,836053
31,405564
54,693960
36,577229
44,449256
43,625600
59,266386
63,121735
32,871793
61,207703
21,544983
40,816112
45,819365
51,621184
44,910252
39,936104
54,655101
42,965645
61,573104
46,417142
48,803084
47,852806
74,629741
30,241627
42,442725
51,459634
33,686995
51,534151
51,670964
33,521005
33,199872
65,547432
50,915478
50,375372
59,047321
39,008000
47,723164
59,170475
62,024936
55,292237
51,422403
31,387968
36,226311
30,958991
38,620683
43,769518
55,593095
40,679045
42,736318
52,623190
60,342535
47,417717
47,242122
51,670964
58,992644
49,524413
27,143016
52,724136
38,722348
36,802659
40,837228
44,482875
54,383629
47,970875
48,029987
56,582150
28,791720
47,829216
33,199872
60,051460
69,025545
55,370611
46,776094
43,858247
50,350918
47,078644
43,097075
58,801555
42,182938
36,822307
64,043717
46,567435
51,484464
52,534974
31,011300
60,009958
28,991089
38,306703
57,960542
41,282419
51,758159
46,474907
37,564388
50,878524
47,488083
61,263818
66,553733
48,219486
57,893090
40,050584
32,554985
50,204367
30,301680
57,556657
54,784707
30,750366
58,393548
63,624775
43,053234
45,807922
66,256638
48,815045
52,358854
35,330603
51,945354
62,479102
56,754836
60,509310
29,041080
42,987531
36,557672
52,107973
54,435265
42,518706
64,435514
53,907630
29,250014
54,216051
34,978563
28,109522
30,715689
32,917224
53,192779
30,490953
43,437899
52,333728
44,550165
36,989611
52,308610
36,450238
59,486023
47,982694
50,131203
51,658516
45,340492
54,525710
54,914530
46,440242
41,527643
53,958948
27,703980
43,891553
32,962699
48,600054
37,744022
59,982302
27,119151
26,222931
44,876408
33,273085
39,967303
46,014196
65,621056
30,275933
54,216051
51,670964
57,101320
63,222118
39,801105
34,789287
53,792291
36,138948
23,382501
45,991244
64,756004
52,434283
54,435265
59,996129
48,243210
33,557843
56,264317
55,396753
61,221728
57,798750
55,357543
54,564505
61,671743
53,766684
44,808773
35,282887
46,071609
61,798729
28,060642
51,995352
32,908134
53,218194
41,945777
40,322080
57,529802
46,613747
46,648502
55,776788
40,374437
63,884580
53,894806
24,670321
45,647935
45,602296
50,559045
43,140947
54,203176
44,932825
56,661805
51,112883
36,440482
34,921705
41,261143
44,662475
45,991244
42,075022
35,397481
32,222380
51,447221
40,061002
41,282419
38,783436
55,292237
34,067207
43,625600
56,171852
50,940124
50,375372
46,567435
27,366454
59,651127
63,812337
61,897623
45,910978
44,865131
38,814006
29,704847
71,233228
29,375871
32,790125
60,746130
53,319939
56,768135
36,119554
44,024953
40,689577
50,718608
39,656076
35,159035
39,490781
39,718186
58,869751
51,323214
59,417325
53,562133
59,047321
58,190294
54,525710
33,364759
33,044664
44,887688
43,064191
43,703053
44,831310
35,541087
53,205485
49,126764
32,880875
52,145551
63,899035
56,053127
