0,775161	177,047796
0,513636	176,205261
0,772694	177,773673
0,795900	177,008910
0,585743	177,747749
0,227743	178,382891
0,304885	177,099645
0,509108	178,499550
0,583647	177,942180
1,030984	177,838483
0,299604	178,564360
0,334096	177,190379
0,965089	178,616208
0,539287	177,864407
1,660182	177,929218
0,391506	178,564360
0,300082	177,242227
1,162220	178,668057
1,068380	177,708862
0,828039	177,877370
1,144525	178,590284
0,534630	177,371848
0,765320	178,784716
0,495025	177,618128
0,472468	178,356967
1,394370	178,642133
0,627856	177,566280
1,102512	178,901374
0,361627	177,708862
1,583524	178,823602
1,030984	178,719905
0,982977	177,890332
0,264970	179,212464
1,272920	177,825521
0,393731	179,005071
1,645963	178,745829
0,312658	178,188460
0,451112	179,342085
0,331057	177,916256
0,352139	179,173578
1,118796	178,719905
0,700027	178,369929
1,341343	179,406896
0,917121	177,981066
0,529336	179,368009
0,982031	178,655095
0,737035	178,525474
1,151791	179,368009
0,583647	178,019952
0,767773	179,380971
0,245751	178,486588
1,161174	178,875450
1,687533	179,393934
1,692774	178,136611
1,440300	179,640213
0,203879	178,525474
0,635161	179,238388
1,798311	179,536516
0,307302	178,434739
0,858304	179,847607
0,772694	178,642133
1,807850	179,458744
0,798410	179,588365
1,541056	178,745829
0,868827	179,977227
1,256423	178,655095
1,472625	179,692061
0,743445	179,601327
0,938160	178,836564
0,745053	180,055000
0,987717	178,655095
2,021200	179,860569
1,203428	179,523554
1,418990	179,121730
0,980140	180,171659
1,533634	178,732867
1,847699	180,093886
0,796736	179,471706
0,381032	179,355047
2,152323	180,236469
0,287328	178,823602
0,786735	180,223507
0,230210	179,393934
1,920486	179,575403
1,233543	180,249431
0,452921	178,836564
1,173756	180,366090
1,190657	179,316161
1,002017	179,808720
0,910774	180,236469
0,956684	178,979147
0,696155	180,392014
1,047616	179,264313
1,549742	179,938341
0,933562	180,275355
1,452222	179,251351
1,835275	180,651256
1,308546	179,355047
1,606291	180,327204
0,911679	180,288317
1,969010	179,406896
1,356203	180,767915
0,317572	179,355047
0,684614	180,482749
0,411223	180,288317
0,903552	179,769834
2,352189	180,936422
1,379258	179,251351
1,784736	180,793839
0,940003	180,288317
0,532642	180,029076
5,038295	180,806801
1,506606	179,160616
1,158041	180,780877
1,245497	180,366090
0,728274	180,340166
2,135655	181,079005
2,452965	179,756872
2,718244	181,169739
2,965354	180,249431
4,016480	180,586445
0,891888	181,143815
1,552230	179,873531
2,812252	181,325284
0,334096	180,223507
0,280376	180,871611
1,086370	181,169739
0,601959	180,029076
2,286976	181,441943
0,623496	180,197583
0,213645	181,091967
1,813315	181,208626
0,990567	180,301280
0,513636	181,493791
1,011618	180,443862
3,539900	181,364171
2,502671	181,234550
3,006293	180,521635
0,974480	181,727109
0,800925	180,327204
2,727027	181,545640
0,518839	181,169739
3,085428	180,754953
2,350584	181,830806
5,317924	180,417938
2,588595	181,753033
0,839206	181,117891
0,317079	181,027156
2,219794	181,843768
2,556373	180,508673
1,370008	181,571564
1,717802	181,130853
0,893677	181,325284
4,009754	181,973389
1,844934	180,625332
0,845255	182,180782
0,975422	180,923460
2,627935	181,480829
3,887708	181,934502
2,815839	180,703104
0,660368	182,154858
0,419264	180,962346
0,684614	181,688223
0,618431	181,908578
0,417533	180,845687
3,770197	182,245593
0,338173	180,936422
0,548671	181,882654
1,550986	181,856730
1,209844	181,053081
2,029980	182,310403
0,786735	181,130853
2,272812	182,115972
2,769435	181,817844
0,531980	181,286398
1,704601	182,440024
1,934681	181,312322
3,320672	182,349289
0,888317	181,895616
2,227542	181,662299
1,626693	182,647417
0,975422	181,260474
0,840932	182,647417
3,780981	181,921540
1,219506	181,986351
1,081355	182,725190
2,946861	181,351209
1,537343	182,828886
4,025459	181,908578
1,283990	182,258555
3,445445	182,802962
4,163974	181,545640
2,857289	182,984432
4,539173	181,791919
6,563765	182,491872
0,787566	182,790000
2,619352	181,636374
3,887708	183,023318
3,748685	181,740071
0,951104	182,621493
0,771872	182,686304
17,277855	181,753033
3,158139	183,101090
2,156882	181,714147
1,064406	182,790000
4,184664	182,660379
7,352283	181,986351
1,302940	183,178863
2,787226	181,778957
4,836158	182,997394
2,688511	182,608531
8,228708	182,206706
3,332620	183,243673
3,374653	181,843768
3,699505	183,282560
6,499392	182,595569
2,497672	182,556683
4,725865	183,438105
3,281038	182,038199
2,617637	183,217749
8,006149	182,647417
1,917654	182,841849
4,186967	183,502915
1,656297	182,206706
4,265743	183,632536
1,546016	182,634455
4,823542	183,152939
7,093733	183,580688
11,690410	182,362251
4,592721	183,826967
14,409661	182,608531
2,998824	183,347370
5,190097	183,567725
6,856992	182,569645
5,955688	183,956588
5,693862	182,815924
2,207431	183,710308
1,827021	183,580688
6,121744	182,764076
8,841974	184,073247
12,201295	182,673341
4,233193	183,736233
8,444409	183,541801
4,145639	183,036280
12,712604	184,163982
6,386973	182,738152
16,051615	184,021399
6,787617	183,528839
13,727719	183,282560
3,175516	184,202868
20,274079	182,790000
13,140567	184,189906
17,690368	183,451067
2,913757	183,541801
10,051224	184,280640
7,355595	182,919621
6,637840	184,228792
14,010010	183,528839
21,948286	183,775119
7,458738	184,267678
5,251098	182,997394
8,264404	184,449148
6,338753	183,567725
22,720966	183,943626
9,030129	184,267678
7,576321	183,152939
3,802610	184,526920
8,984734	183,230711
21,941408	184,112133
7,901572	184,176944
9,186370	183,243673
8,203781	184,578768
9,893432	183,204787
15,523612	184,280640
16,774299	184,151019
17,050876	183,489953
31,352797	184,708389
9,328890	183,295522
12,326645	185,058366
13,218513	184,138057
11,294761	183,788081
7,197734	184,863934
3,154286	183,451067
7,519059	184,825048
15,002131	184,358413
15,231822	184,138057
22,141475	184,993555
7,630474	183,619574
32,195516	185,032442
6,637840	184,163982
9,745256	184,384337
9,398748	185,032442
11,369634	183,736233
5,941263	185,213911
16,848903	184,163982
5,596243	184,669503
13,657747	185,097252
13,558204	183,904740
29,367469	185,317607
23,282083	184,112133
12,373288	185,006517
15,447604	185,071328
20,287115	184,021399
10,091950	185,421304
8,108100	184,086209
22,384591	185,058366
12,049250	185,162062
11,578356	184,241754
15,162133	185,537963
16,213467	184,151019
14,065915	185,356494
10,908126	185,097252
18,297253	184,578768
14,111766	185,719432
18,645909	184,436185
10,305489	185,447228
22,217688	185,123176
13,702701	184,617655
6,121744	186,406423
9,626196	184,345451
13,370413	185,719432
44,786244	185,006517
34,628963	185,045404
8,346890	185,732394
15,912966	184,358413
23,339429	185,823129
24,752387	184,838010
14,497769	184,967631
22,826788	185,797205
14,337372	184,539882
25,203319	186,004598
28,436885	184,876896
21,900169	185,550925
19,381971	185,836091
13,548276	184,539882
43,239773	185,991636
16,207867	184,565806
21,274454	185,706470
26,425511	185,900902
34,431623	185,019479
28,085075	186,224954
18,194132	185,032442
35,617841	185,991636
28,791720	185,874977
10,639826	185,175025
17,027711	186,393461
41,271780	184,954669
12,741158	186,211992
37,068524	185,823129
38,580069	185,395380
25,233580	186,484196
28,387614	185,019479
23,239138	186,380499
15,879811	185,732394
41,806074	185,654622
26,629165	186,445309
24,196544	185,149100
28,899594	186,574930
37,345643	185,693508
42,954705	185,939788
73,570254	186,574930
45,933901	185,265759
30,044890	186,769362
25,944201	185,693508
53,715495	186,263840
16,202269	186,587892
69,438620	185,395380
32,917224	186,821210
42,540432	185,641660
20,919585	186,406423
31,546578	186,497158
15,578058	185,576849
11,609658	186,976755
34,600724	185,628698
31,370379	186,328650
9,539500	186,626779
43,393817	185,862015
13,082310	187,158224
18,812624	185,745356
25,408065	186,937869
24,707601	186,639741
36,783018	186,160143
30,439252	187,274883
56,171852	185,836091
32,329993	187,158224
17,743885	186,613816
55,109669	186,419385
60,551054	187,352656
28,725475	185,900902
20,667650	187,313769
46,706468	186,717513
42,377674	186,626779
14,827447	187,352656
30,672382	185,991636
42,965645	187,456352
36,333287	186,600854
63,884580	186,873058
32,186564	187,391542
44,270255	186,147181
85,614421	187,598935
43,415854	186,445309
24,373473	187,093414
40,071423	187,391542
29,840544	186,276802
36,187465	187,689670
31,528928	186,406423
39,356832	187,300807
67,270602	187,378580
34,883836	186,497158
31,020024	187,793367
41,006428	186,406423
33,117640	187,391542
32,231338	187,339694
18,055242	186,704551
40,605373	187,935950
31,847686	186,497158
42,812665	187,391542
75,472068	187,300807
46,359428	186,898982
46,915563	187,935950
48,719411	186,471233
26,261806	187,845215
79,988303	187,171186
49,524413	187,132300
50,767776	187,948912
39,161630	186,523082
49,114749	188,039646
44,741209	187,067490
33,254771	187,339694
37,754019	187,961874
46,163575	186,626779
55,122695	188,117419
57,449290	187,145262
86,489087	187,534125
49,657463	187,935950
59,954655	186,756399
47,288903	188,221116
46,198095	187,002679
56,237887	187,806329
29,806580	187,961874
49,584859	186,963793
38,519204	188,350737
60,356421	187,041565
46,915563	188,013722
89,407749	187,948912
37,009328	187,689670
35,054472	188,298888
53,638775	187,171186
38,824199	188,078533
45,807922	188,000760
50,363144	187,417466
47,090308	188,713675
49,596955	187,158224
71,311312	188,441471
71,358191	187,948912
40,805557	187,754480
57,812220	188,687751
44,270255	187,235997
66,108442	188,674789
30,568617	187,106376
47,008704	188,013722
94,879052	188,700713
63,653605	187,339694
41,261143	188,778486
55,435982	187,741518
31,089877	188,195192
67,090876	188,726637
62,407985	187,521163
53,192779	189,271045
58,910695	187,534125
40,165292	188,415547
55,514499	188,713675
60,300892	187,702632
48,886857	188,972917
74,985293	187,702632
55,370611	188,597016
88,330173	188,739599
45,659350	187,858177
50,595836	189,232159
55,632422	187,897063
38,246138	188,998841
53,946115	188,843296
46,776094	188,247040
63,380090	189,478439
53,205485	188,026684
43,680914	189,296969
42,421034	188,895145
61,587188	188,804410
26,091054	189,465477
39,676772	188,078533
64,000288	189,400666
56,954549	188,778486
39,728544	188,687751
63,021465	189,659908
46,175079	188,272964
77,806579	189,530287
74,195017	188,843296
54,927524	189,115500
54,332028	189,659908
66,330824	188,324812
78,875309	189,802491
64,814396	188,687751
46,163575	189,245121
63,150405	189,608060
38,539485	188,467395
53,027788	189,970998
75,748899	188,739599
42,998476	189,582135
36,704528	189,633984
48,504715	188,661827
46,927198	190,035809
40,071423	188,609978
47,546777	189,672870
58,665331	189,867301
46,915563	188,882182
73,235392	190,061733
32,889960	188,739599
52,497199	190,230240
48,029987	189,439552
54,074538	189,011803
111,883082	190,256164
43,064191	188,752562
88,402935	190,074695
47,734940	189,504363
43,075150	189,335856
46,973761	190,113581
71,373823	188,817372
56,502573	190,243202
52,572768	189,400666
43,493047	189,556211
64,639332	190,256164
76,682352	188,480358
66,197331	190,320975
43,958218	189,050690
62,294315	189,854339
59,431060	190,320975
60,356421	189,050690
64,726822	190,826496
50,780073	189,595097
63,437603	189,996922
47,113642	190,437634
39,141122	189,361780
44,259085	190,748724
50,033768	189,426590
64,551926	190,359861
42,856335	190,359861
57,596956	189,504363
52,635801	190,813534
32,744815	189,452514
46,880668	190,541330
41,655989	190,308013
55,921417	189,595097
56,941220	190,774648
58,706175	189,530287
46,683276	190,722800
49,693792	190,269126
63,552740	189,815453
59,074673	190,891307
50,644920	189,465477
74,742741	190,839458
27,063522	190,152467
35,101974	190,087657
49,548585	191,033890
41,967298	189,724718
42,139749	191,163511
27,695911	190,256164
56,529090	190,567254
56,053127	191,163511
44,281428	189,893226
17,589580	191,344980
57,731430	190,217278
50,977110	190,813534
38,448280	191,241283
49,693792	190,139505
52,220765	191,461639
26,394275	190,320975
44,426853	191,033890
75,993759	191,202397
61,137609	190,204316
84,024302	191,565336
51,224159	190,178392
57,449290	191,176473
31,291312	191,085738
41,988828	190,256164
71,420731	191,565336
34,394124	190,100619
28,428669	191,332018
26,912924	190,969079
41,924263	190,515406
57,570088	191,617184
41,634579	190,282088
26,409890	191,474601
28,791720	190,865383
38,145346	190,748724
46,660091	191,643108
45,136337	190,308013
30,061963	192,161592
63,035783	190,956117
32,826404	190,865383
59,733799	191,759767
33,181586	190,515406
44,876408	191,850502
48,077312	191,046852
28,585052	191,319056
33,650059	191,941236
46,198095	190,670951
24,932090	192,213440
40,071423	191,007966
43,195831	191,720881
33,816491	192,006047
42,834496	190,930193
27,575063	192,368985
32,790125	190,580217
23,411246	191,993085
34,544293	192,006047
27,542898	191,111662
32,636247	192,459720
30,559981	191,202397
21,463579	192,109744
22,072346	191,915312
20,144032	191,228321
56,290755	192,420834
28,240154	191,111662
53,728289	192,252327
40,175731	191,720881
39,863373	191,448677
23,605909	192,407872
18,862215	190,943155
48,160211	192,381948
11,694907	191,643108
65,753727	191,643108
34,272445	192,446758
29,620253	191,059814
31,449584	192,511568
34,281794	191,552374
17,743885	191,928274
34,253751	192,537493
30,924152	191,254245
19,604033	193,030052
44,036083	191,656070
45,397317	192,278251
54,035989	192,706000
31,972247	191,526449
12,196669	192,978204
29,934083	191,772729
34,676064	192,641189
16,382056	192,744886
18,806431	191,785691
29,367469	193,159673
8,660106	191,772729
11,573888	192,809697
38,580069	192,693038
22,189953	191,954198
25,241149	193,237446
29,459983	191,798653
13,009733	193,081901
18,621296	192,615265
23,910916	192,135668
37,594285	193,224484
16,941032	191,565336
20,046871	193,055976
20,588523	192,459720
7,276385	192,330099
15,578058	193,250408
20,628060	191,811615
12,118204	193,224484
39,625047	192,368985
40,343017	192,537493
11,020150	193,276332
6,671972	191,902350
23,591451	193,418915
18,837408	192,433796
19,776516	192,965242
15,124697	193,431877
26,425511	191,500525
21,429723	193,587422
56,158652	192,485644
19,325147	193,211522
26,511541	193,457801
13,677715	192,407872
6,083611	193,742967
27,744352	192,563417
24,329158	193,509650
24,707601	193,548536
22,231564	192,680076
18,880834	194,028134
13,918853	192,589341
7,593217	193,717043
14,869668	193,470763
17,731983	193,055976
19,553125	193,950361
10,572391	192,654152
26,535037	193,898513
22,940035	193,600384
13,727719	193,094863
34,497316	194,092944
30,147425	192,615265
26,370865	194,002209
16,889168	193,263370
17,542285	193,289294
6,468883	193,976285
12,669853	192,693038
22,594424	194,144792
6,063142	193,198560
9,087085	193,392991
10,809661	194,118868
11,853035	192,770810
21,355368	194,222565
6,815942	193,107825
10,946818	193,730005
3,544043	194,144792
6,308735	193,004128
6,860157	194,494769
6,731196	193,224484
11,825827	194,131830
13,004904	194,235527
19,904945	193,263370
8,271555	194,650314
9,286368	193,289294
8,619620	194,378110
21,948286	194,209603
24,521589	193,496688
11,002866	194,805859
17,371563	193,354105
10,601859	194,611428
26,402082	194,222565
10,559779	193,717043
4,715919	194,805859
11,564957	193,302256
6,844345	194,676238
12,266185	194,041096
19,847082	193,911475
7,378803	194,766973
6,923644	193,341143
3,135063	194,741049
12,894170	193,872588
19,483272	194,041096
6,634743	194,754011
2,664178	193,341143
13,483866	194,961404
16,529121	193,833702
9,689574	194,313300
10,030902	194,792897
4,886831	193,561498
7,505627	194,844746
12,317330	193,885551
10,055292	194,650314
5,990402	194,922518
15,097995	193,911475
7,719012	195,544699
10,165532	194,131830
5,981711	195,013253
10,648275	195,039177
2,643430	194,170717
3,334614	195,518775
7,269810	194,105906
5,119070	195,259533
8,689629	195,000291
4,958343	194,391072
8,260830	195,609509
1,997901	194,144792
14,060826	195,441002
7,657646	194,896594
6,628551	194,416996
15,852217	195,635433
3,243663	194,170717
11,753475	195,596547
6,831712	194,831784
9,986289	194,883632
9,841201	195,674320
2,449673	194,287375
2,972772	195,765054
4,404672	194,792897
4,056987	195,091025
8,350488	195,661358
5,852328	194,378110
11,618612	195,855789
2,060893	194,792897
13,543314	195,428040
8,257257	195,765054
6,484126	194,611428
6,920460	196,024296
1,563452	194,766973
2,331389	195,622471
4,556168	195,739130
4,378555	194,792897
5,248436	196,581667
4,050218	194,870670
1,869912	195,881713
4,843737	195,713206
5,342114	194,987329
14,167942	196,244652
2,974628	194,766973
1,071366	195,985410
2,844634	195,609509
1,142454	195,168798
4,935284	196,257614
4,529480	194,792897
8,977182	196,166879
1,875490	195,531737
22,412492	195,453964
4,524639	196,335387
0,771051	194,922518
2,610785	196,374273
2,272812	195,518775
3,129311	195,765054
1,046633	196,387235
1,662775	195,026215
3,953982	196,490932
3,596093	195,428040
1,043688	195,855789
0,520798	196,387235
2,003710	195,168798
3,358601	196,646477
2,199726	195,946524
0,949248	196,115031
1,983423	196,400197
3,960648	195,324343
0,779283	196,750174
3,465842	195,376192
1,537343	196,348349
0,366960	196,348349
1,622856	195,505813
1,694085	196,879795
1,163265	195,428040
0,784246	196,568704
2,542881	196,361311
1,473831	195,778017
3,112093	196,970529
1,002017	195,505813
5,929738	196,879795
1,217355	196,387235
2,895466	196,140955
3,271177	197,139037
1,269610	195,713206
1,211987	197,087188
4,265743	196,322425
9,414319	196,361311
5,491486	197,126075
0,511045	195,713206
0,790060	197,048302
2,563136	196,244652
2,181301	196,594629
1,787446	197,100150
1,233543	195,829865
1,292887	197,294582
2,464508	196,127993
1,047616	196,789060
2,438174	197,100150
1,683609	195,959486
5,043482	197,411241
1,701968	196,153917
1,980536	197,048302
0,925320	197,190885
1,400208	196,205766
2,974628	197,631596
0,378303	196,257614
0,995329	197,281620
1,073359	197,216809
1,461802	196,529818
3,876731	197,813066
1,760460	196,348349
1,510274	197,566786
1,907765	197,177923
1,162220	196,750174
0,578078	197,838990
1,490771	196,387235
0,857430	197,748255
1,541056	197,126075
0,485553	197,009416
0,843524	197,851952
2,897292	196,452046
0,828039	197,916763
1,487131	197,009416
0,852200	197,216809
1,371162	197,903801
0,741840	196,607591
0,216823	198,007497
0,502678	196,918681
1,495632	197,359392
1,701968	197,813066
0,780109	196,594629
2,655520	198,098232
0,974480	196,827946
0,758800	197,579748
0,640305	197,826028
0,355812	196,763136
0,887426	198,188967
1,012582	196,840909
0,460196	197,826028
1,622856	197,826028
5,750135	196,996454
1,494416	198,331550
0,653640	196,970529
1,458205	198,253777
6,511622	197,851952
0,474945	197,294582
1,030984	198,513019
0,703133	197,087188
0,488699	198,331550
0,685380	197,864914
0,905354	197,579748
1,465404	198,577830
0,703133	197,100150
1,229214	198,344512
0,514934	197,774180
1,402548	197,800104
1,629255	198,577830
0,332574	197,190885
0,156119	198,668564
0,247465	197,644559
0,952962	198,033422
0,213645	198,564868
1,616473	197,268658
1,053524	198,772261
1,037813	197,592710
0,512988	198,240815
0,580859	198,538943
2,864536	197,398279
0,179663	198,862996
0,860928	197,592710
0,813569	198,085270
2,536152	198,577830
0,426810	197,696407
0,543298	199,083352
1,292887	197,722331
0,908062	198,862996
1,069375	198,668564
0,780935	197,916763
0,702356	199,174086
0,468152	197,761217
1,086370	199,122238
1,366549	198,629678
0,668646	198,150080
0,852200	199,277783
2,059414	197,890838
0,390396	199,251859
0,255697	198,538943
0,529996	198,487095
1,219506	199,368518
0,645472	197,929725
3,474022	199,355556
0,445114	198,500057
1,055497	198,733375
0,759613	199,329631
2,255575	198,046384
0,416957	199,575911
0,258767	198,500057
0,651407	199,031503
0,552722	199,472214
0,627856	198,253777
0,898158	199,744419
0,718786	198,513019
0,507818	199,096314
0,398204	199,537025
0,691525	198,422284
2,029980	199,861077
0,298650	198,461171
0,564290	199,446290
0,415232	199,381480
0,271707	198,538943
1,881079	199,861077
0,533967	198,409322
0,533304	199,549987
0,389841	199,251859
0,283145	198,681526
0,447508	200,055509
0,741038	198,007497
1,144525	199,640722
0,504602	199,083352
0,339709	198,837072
0,712501	199,809229
0,660368	198,279701
0,848723	199,731456
1,337927	198,888920
0,663371	198,992617
0,751504	199,757381
1,121865	198,357474
1,404889	199,770343
0,294375	198,746337
0,832324	199,148162
0,519492	199,666646
1,283990	198,305626
0,446310	199,861077
0,264079	198,655602
0,488069	199,264821
1,190657	199,575911
1,102512	198,422284
