72,663855
39,583700
55,174823
58,787923
61,996628
59,775166
48,767212
48,611980
50,546786
58,542919
51,484464
61,897623
43,195831
48,385726
45,215654
35,359255
53,958948
50,289818
49,609052
45,204317
45,215654
56,185055
61,179658
59,857960
69,270120
40,144419
51,397593
51,112883
73,954281
46,301764
32,817332
55,083622
51,621184
45,385948
46,973761
63,624775
39,038693
42,594782
64,581052
48,791125
36,216597
55,044568
55,462146
36,265186
63,064424
73,187642
70,517695
46,486466
50,669474
41,261143
51,125239
28,543841
53,805098
30,422032
63,107404
60,051460
38,763066
54,113107
70,812622
62,749870
31,901028
60,439781
29,317092
52,812575
61,011583
42,323518
40,050584
55,449063
45,670766
41,239875
53,091203
60,648537
57,812220
69,776490
67,210656
40,710647
38,326906
37,554425
62,138259
45,739308
44,203260
42,366839
46,347891
59,307525
29,679451
40,363962
58,379982
41,091211
35,627444
72,237281
46,915563
55,684888
55,096644
40,196615
42,921898
46,175079
26,363065
54,927524
68,068466
67,240624
49,114749
56,781436
40,416357
47,841010
35,868088
49,271104
54,823631
52,534974
44,820041
63,394464
34,506708
36,871460
44,583838
35,906696
52,863158
61,165640
46,025674
73,124011
56,198260
42,096590
23,046553
34,085830
56,489318
42,790842
51,162318
77,061307
32,971800
37,137670
67,781674
57,502956
40,186172
47,347424
56,661805
57,181488
51,360394
56,264317
52,220765
44,741209
40,763356
38,488797
34,713776
50,632646
41,859768
35,092470
54,668052
54,953519
61,193679
45,204317
66,509109
68,113827
69,147756
39,511416
62,265921
51,484464
43,802776
56,635245
71,875304
40,900620
64,333775
52,509789
64,348302
51,385191
56,821352
35,063969
34,600724
49,924313
67,736470
51,397593
46,498027
52,459443
37,305967
49,186870
31,361587
60,564974
43,086111
57,234978
41,410236
56,303977
76,010103
61,982478
38,793624
64,902053
61,390211
70,069221
51,496883
45,602296
49,210926
46,474907
62,124085
45,647935
72,965104
49,790763
47,032009
51,211787
53,218194
57,664165
32,826404
36,518580
49,948622
29,451564
55,750520
56,423076
46,324823
36,206884
54,332028
34,808183
71,264454
47,546777
57,744889
50,485520
65,106912
38,296604
41,335643
67,001140
30,629117
77,823199
74,243231
56,595420
60,273142
63,007150
67,525797
45,533898
54,849592
65,400359
52,509789
44,158636
39,501098
69,992102
46,290237
42,204545
43,382801
57,771815
27,744352
63,624775
54,745803
45,420060
42,801752
52,787296
62,265921
32,844554
55,018543
51,733236
45,351853
66,019637
48,683583
65,136215
54,074538
54,875560
61,770494
51,932859
57,974039
38,024638
41,677406
50,387602
43,625600
44,091759
38,712173
52,610581
62,095746
52,208224
38,946666
62,764144
58,244446
46,060122
38,712173
54,940520
38,661327
48,635839
40,784452
32,392882
40,123553
49,972939
65,326910
52,208224
57,328670
53,015112
57,234978
40,186172
32,177614
34,123096
55,475231
44,169789
66,390215
65,517999
53,409079
39,769996
28,272877
39,614707
40,186172
47,405997
49,488170
45,899519
63,207771
64,450057
66,034432
49,633253
68,189476
35,713946
35,868088
67,195675
67,766604
56,423076
67,390609
45,102374
38,844592
32,708598
30,387612
52,837862
63,797895
72,379275
30,542714
59,816553
53,447313
69,101909
70,890379
56,688374
47,125312
49,633253
56,967881
40,721185
82,472602
46,359428
49,560675
37,954349
27,542898
56,092683
55,475231
65,488575
62,678535
59,775166
59,362407
54,010300
55,855644
32,971800
62,635762
44,774982
46,267189
37,724033
61,123597
46,209606
30,370412
48,207627
66,583495
62,621509
57,462703
43,086111
60,245400
53,843532
40,668515
44,763723
38,488797
59,802755
63,093075
49,778634
29,730258
45,865155
45,945366
33,263927
47,324010
18,345918
42,801752
58,570106
43,119007
50,841589
51,125239
35,771696
31,273760
30,941568
31,546578
21,879570
44,169789
60,997591
53,116584
65,930916
43,053234
66,762260
43,108040
58,787923
50,253184
36,138948
70,455716
26,936665
49,924313
42,323518
51,014114
47,043665
46,579010
49,367495
27,946818
41,849025
51,347999
43,714126
52,989765
48,743308
44,404458
44,303779
52,774659
41,527643
70,300938
42,540432
36,518580
47,982694
51,895389
52,977094
36,080788
54,461096
32,195516
51,385191
59,982302
39,233468
34,263097
66,004844
64,697650
43,053234
28,174786
59,513518
42,172138
47,230432
43,020373
55,803064
44,831310
47,793847
34,394124
40,890050
51,224159
39,100128
51,708321
47,347424
47,300603
42,204545
63,855676
40,689577
42,075022
64,290207
48,089149
40,594856
36,109860
57,947047
49,669571
63,870126
45,922438
60,690349
48,468997
41,741706
40,259313
52,799934
44,763723
41,207987
31,458393
54,254691
38,864992
62,237535
47,582018
41,303703
49,391614
62,835548
45,533898
57,409063
54,203176
54,745803
50,094650
57,906576
44,516511
55,031555
61,657645
60,287016
64,595619
40,290688
66,986193
52,170614
52,497199
39,069402
54,370726
27,143016
41,956537
30,828486
35,254279
38,236051
64,989794
49,464019
36,812482
55,974075
70,424741
52,623190
52,888462
56,834662
57,866124
48,779167
61,123597
68,796811
46,962117
61,446445
62,095746
37,944315
30,924152
57,342064
58,028050
39,552710
46,869041
44,281428
55,488318
59,362407
31,874349
64,275689
37,814040
43,020373
42,856335
49,331333
58,665331
46,810934
57,422470
40,405874
45,556689
32,267189
37,019190
46,290237
48,041815
34,067207
53,933285
53,843532
33,282245
38,620683
52,057898
50,082469
50,424306
39,635388
48,302556
36,051732
42,540432
66,405068
60,467586
59,348683
52,597975
62,707063
48,791125
46,336356
45,181649
29,342273
53,881984
25,316926
64,975165
68,827278
50,326472
64,610188
65,606327
64,581052
44,024953
50,131203
72,048263
67,001140
47,546777
29,798093
32,808261
41,549015
33,145035
42,714522
62,635762
48,100988
47,359135
50,436544
71,436372
53,103893
36,596794
41,250508
61,573104
48,934773
45,295069
45,011892
43,780602
31,981157
38,175564
27,784764
41,059403
59,609821
49,295189
41,070003
37,814040
36,665326
36,763385
55,279183
41,495600
60,398091
43,703053
42,976587
61,544941
42,128956
43,924876
45,147662
44,944114
54,474014
59,211566
53,511081
58,109132
37,954349
69,040813
51,695866
42,269410
51,286053
57,691064
38,875194
51,695866
53,689913
43,173871
55,226985
51,088178
69,761107
48,089149
15,852217
42,790842
38,064844
75,944742
55,855644
56,462815
44,955406
29,679451
72,284590
46,347891
50,534528
41,378256
42,128956
45,000591
45,272369
56,901244
46,985406
63,236468
38,916024
28,223802
50,338694
42,128956
66,167692
45,420060
80,873023
54,992527
46,787705
88,986571
32,132892
33,044664
48,540452
55,213942
60,453682
83,708816
54,100249
22,869211
36,753571
60,245400
36,148648
61,235756
32,853632
43,031325
37,754019
59,431060
46,382507
36,216597
39,171887
52,032874
41,388914
54,164562
54,138830
58,692558
67,962706
44,977994
56,039946
55,331415
55,109669
34,403496
64,493701
40,259313
51,633626
46,671682
43,813867
45,102374
59,816553
56,808044
71,311312
69,407962
31,758920
67,465689
60,245400
34,997529
43,924876
46,037155
52,145551
42,594782
60,564974
58,965319
61,784610
75,879421
66,212154
43,559288
70,007521
52,698887
66,538856
79,447287
71,186407
44,831310
49,621152
57,987539
51,633626
61,221728
53,625996
65,532714
43,969335
28,535604
77,160383
49,669571
62,749870
75,423290
46,694871
49,210926
47,676083
51,534151
53,002437
23,548116
47,242122
48,874883
42,627415
53,805098
53,587672
52,825217
34,704346
39,977707
29,359069
59,651127
61,039573
47,734940
49,693792
37,484741
46,405595
25,990514
54,435265
53,677125
45,910978
46,129072
63,581547
56,781436
49,439876
52,158081
39,274559
48,791125
58,393548
57,610393
57,717972
34,619548
43,869347
59,913201
62,294315
40,165292
59,047321
35,569856
88,057693
40,795004
33,199872
58,542919
50,192167
59,996129
45,796481
42,486131
42,042685
58,692558
64,975165
67,826900
40,207060
47,699620
36,891133
58,420686
44,842582
50,595836
33,511800
70,765997
21,804152
37,276229
45,068428
50,167776
65,150870
53,141974
62,280117
77,425027
44,460460
32,663366
79,666761
38,125209
43,448925
70,968196
62,422204
58,257990
41,271780
65,077618
30,422032
70,564205
53,856347
58,529328
53,383600
58,488571
64,697650
65,517999
52,698887
55,070602
61,460509
35,512333
47,558522
52,964426
54,035989
57,771815
49,815026
44,505297
42,236969
56,901244
55,816206
59,156782
41,967298
58,190294
65,783235
43,958218
38,286507
41,059403
38,044738
58,692558
33,337238
60,843833
45,991244
52,421706
43,581384
52,158081
63,035783
30,785069
46,834170
55,174823
46,729669
52,585371
42,889107
42,681842
69,684228
59,280097
38,905814
66,241808
61,954184
29,637159
53,243617
47,183691
42,943768
70,890379
37,444962
64,785195
56,105872
67,811823
61,629455
61,263818
66,405068
41,506279
54,693960
32,231338
52,497199
49,102737
55,540689
64,668486
48,255075
39,511416
55,803064
34,375384
50,853899
46,129072
64,712235
25,568099
40,489790
58,190294
42,573036
48,397616
52,939096
50,657196
68,781582
52,459443
70,781536
57,502956
41,859768
71,373823
44,002700
39,459841
62,907009
38,559774
53,625996
65,930916
53,817907
56,119064
28,527368
59,871767
49,283146
45,238334
50,620374
65,106912
62,664275
58,556511
40,657986
48,982721
40,542299
40,879482
44,966699
35,598642
45,488339
75,520868
67,225639
54,357825
45,511114
69,899639
69,117189
66,049229
53,715495
43,404834
37,177221
33,585489
48,112828
43,991577
67,225639
64,960538
36,489279
56,595420
37,256413
50,265393
47,230432
53,805098
70,471207
37,029053
42,670953
58,407116
56,026768
40,805557
44,270255
55,213942
55,684888
47,900009
50,952451
42,323518
52,120497
53,154672
64,406434
58,379982
45,068428
51,273670
79,413560
62,493333
48,231347
49,271104
55,396753
52,070414
64,916671
31,883241
70,750460
43,129976
57,101320
65,370972
55,671768
53,651556
74,839695
66,896556
53,613219
59,678675
50,058115
50,155583
51,199417
50,608104
57,866124
47,020355
61,911760
61,348060
63,927953
40,668515
40,227956
58,869751
62,479102
52,698887
59,431060
56,290755
62,935609
22,099980
66,553733
63,351347
47,982694
57,288503
69,407962
50,534528
43,404834
38,539485
32,276156
65,444456
62,479102
36,440482
43,097075
39,428919
59,678675
74,452414
52,863158
31,300090
39,171887
36,177758
56,079495
82,126727
35,216160
37,187114
66,702634
50,829282
32,034654
45,351853
58,692558
35,993669
30,036357
66,449643
29,569577
42,021136
61,067572
34,113777
53,856347
59,266386
44,921538
66,256638
51,273670
48,659707
47,195373
56,555616
48,958743
59,102034
59,954655
36,381984
57,987539
51,658516
42,562166
43,228784
56,887923
50,461028
51,001777
41,763154
43,714126
43,824959
39,946502
38,205799
48,373839
58,965319
71,828184
54,100249
54,551571
38,115144
62,707063
41,720265
69,992102
49,609052
50,534528
69,545998
61,615364
58,610903
37,814040
59,554777
36,753571
35,665871
43,217798
60,523222
62,678535
37,058654
35,617841
66,598379
61,530864
53,053148
52,509789
72,205754
62,792699
68,979755
56,290755
53,997459
36,187465
53,332667
33,062898
46,451795
43,206813
29,806580
56,794739
59,527269
56,701662
30,542714
57,194858
42,660065
63,725721
35,897042
39,542384
56,847974
46,037155
50,058115
62,379554
55,908258
62,935609
62,493333
67,841980
58,556511
46,060122
58,352857
54,784707
38,034687
54,228929
44,763723
58,393548
73,602202
27,055581
65,004425
71,014916
34,694917
43,173871
55,881947
53,383600
35,752439
45,249677
57,893090
41,474248
57,650719
54,100249
60,217667
59,252678
56,768135
44,404458
45,853705
41,431565
67,330587
48,018160
35,282887
64,014762
43,913767
34,263097
54,344925
61,151623
32,609144
53,689913
40,837228
49,379554
30,854556
32,753873
42,998476
66,926425
44,404458
43,272750
70,703863
44,718704
69,530651
44,865131
40,900620
38,997773
54,319133
47,043665
41,892007
37,994503
48,006336
54,383629
40,847788
47,711391
34,225725
55,501408
68,098704
50,228771
53,192779
48,623909
65,341595
35,954996
68,583811
42,475277
48,266942
35,560264
72,584726
47,148657
47,723164
69,822653
39,946502
37,944315
72,917480
41,261143
58,082096
44,482875
43,548243
55,606201
27,768594
44,865131
40,995838
41,474248
61,109587
41,688118
72,949227
34,244407
25,982792
27,230645
50,473273
48,041815
35,301968
47,935433
69,147756
32,419860
36,381984
56,317201
51,832980
65,459160
40,468800
41,527643
51,932859
44,865131
61,714051
62,835548
59,280097
45,465571
68,356114
59,252678
27,366454
58,488571
38,641001
55,789925
33,392295
50,314252
46,186586
55,318353
48,791125
74,050509
38,783436
49,222958
70,703863
67,616028
57,409063
61,263818
64,902053
59,954655
47,172011
61,996628
51,472048
64,188630
45,329133
56,927892
56,370121
48,958743
60,509310
43,891553
67,315587
51,112883
56,542352
52,133023
55,266130
38,185640
58,271536
50,559045
52,711510
54,293350
51,534151
58,379982
59,871767
43,151920
78,222821
32,374905
68,159209
51,472048
57,798750
38,977325
56,595420
35,244747
42,399350
71,326936
36,187465
60,620673
46,221118
57,181488
66,360514
32,088213
47,359135
21,790459
45,910978
45,000591
77,061307
72,854015
57,960542
61,025577
47,593769
59,197867
30,465095
50,289818
60,120673
51,422403
47,746717
47,113642
37,694063
48,350070
38,671492
38,286507
56,741539
53,129278
57,021230
36,950198
40,974665
37,405213
51,162318
55,044568
37,147555
55,658650
50,473273
47,676083
36,265186
56,714952
45,374581
51,733236
54,293350
51,001777
53,894806
49,500249
46,324823
43,217798
29,007746
56,237887
45,830809
29,747206
32,908134
54,681005
59,348683
64,072681
31,555406
50,669474
57,355459
48,183915
50,106832
33,190728
52,346290
27,655588
56,370121
49,343385
36,979755
38,509067
24,827155
37,435022
59,362407
49,379554
60,760081
43,042278
48,922791
45,979772
45,057117
30,275933
65,297546
41,752429
50,804673
49,150800
37,088271
46,660091
44,595066
52,045385
44,326139
46,915563
59,170475
69,086631
39,821853
38,084959
50,424306
54,100249
33,742451
44,729956
36,822307
48,077312
66,360514
41,080606
38,337010
47,593769
66,851769
62,678535
40,584341
55,553787
53,116584
49,367495
42,215351
50,890840
37,058654
58,420686
35,742813
56,701662
56,728245
44,080620
55,632422
51,745696
32,088213
37,494691
47,499818
38,946666
25,629246
60,774034
52,183148
45,340492
43,404834
48,350070
46,071609
54,590379
58,136177
74,823530
51,174682
33,373936
48,373839
69,684228
38,977325
45,533898
34,610135
60,537137
60,760081
38,895606
36,013016
51,857937
66,821923
32,258223
45,659350
64,653908
58,095613
47,101974
64,464603
73,506387
59,458537
42,976587
61,081575
54,461096
28,742026
48,922791
43,537200
48,172062
56,132258
38,712173
46,347891
44,236749
40,468800
48,124671
66,926425
46,729669
40,489790
47,911815
60,425882
34,902767
35,225687
50,977110
40,879482
55,396753
45,329133
53,053148
54,125967
56,476065
47,523294
41,773881
54,280461
36,881296
26,324087
55,409827
28,593299
32,159720
44,036083
62,992837
49,247027
38,145346
47,723164
70,069221
54,862575
43,858247
59,775166
49,985101
53,281769
30,551347
38,165489
34,459767
38,590220
55,684888
53,741085
48,958743
48,148362
58,474990
50,399835
43,725200
51,434811
42,769026
42,431878
39,697475
45,796481
35,916353
26,707779
41,261143
48,827009
60,913689
44,763723
57,422470
39,832230
54,474014
48,815045
29,300312
30,147425
51,820505
54,138830
62,010781
64,581052
46,474907
45,659350
40,921767
53,562133
49,875720
32,329993
32,744815
68,310639
49,078717
48,910811
55,947742
45,204317
35,254279
37,276229
52,158081
62,978527
40,238406
52,333728
59,568535
51,001777
54,293350
62,010781
52,698887
65,004425
56,277535
48,635839
71,686957
56,714952
56,053127
56,013591
34,441003
49,609052
19,224407
54,966519
44,876408
57,893090
53,091203
38,185640
34,132417
54,010300
70,983767
72,458246
39,367124
48,385726
53,600444
55,409827
53,741085
48,671644
54,953519
61,728158
64,058198
52,020364
37,904197
47,841010
66,851769
54,551571
66,717537
34,553694
57,101320
34,647798
35,073468
61,742268
43,031325
67,165721
56,409834
53,562133
56,821352
62,407985
61,123597
42,551298
56,529090
49,536498
55,305294
41,176116
41,870512
65,019059
51,273670
40,942920
33,909199
36,206884
57,987539
56,981215
58,883397
61,615364
64,377363
52,446862
41,591781
47,066982
60,983602
46,683276
42,932832
48,255075
48,124671
60,176085
35,082968
39,202669
46,370967
75,846776
56,901244
50,131203
52,057898
57,516378
45,465571
48,588129
52,547570
41,048804
52,082931
40,700111
57,476118
62,521800
40,238406
55,868794
52,446862
51,484464
57,114676
61,151623
58,014544
34,921705
37,305967
55,632422
48,278811
41,913509
44,114044
42,954705
60,620673
49,633253
63,035783
43,902659
61,925899
29,082784
53,027788
39,801105
54,474014
64,624759
63,899035
32,401873
47,829216
64,683067
39,821853
49,827161
41,538328
47,394278
42,823579
60,885740
54,396535
45,647935
49,900013
58,992644
28,101371
51,521726
56,000417
49,718023
49,198897
71,781087
36,851793
64,829000
31,414365
48,898833
51,945354
67,090876
45,625111
33,825754
49,548585
39,738905
43,603488
53,141974
53,154672
49,138781
65,532714
27,342454
37,734026
53,345397
65,429755
50,387602
39,904922
44,359692
24,013182
44,225584
66,360514
49,705906
41,442233
63,538339
63,451987
64,726822
52,560168
55,226985
38,165489
44,662475
41,666697
68,325795
60,134523
65,488575
45,682185
60,411985
41,250508
37,019190
47,405997
44,617527
33,438224
73,810105
72,949227
52,749393
49,006708
37,127786
59,129404
55,292237
43,869347
48,457095
54,241809
52,863158
58,366419
56,264317
40,227956
51,347999
43,625600
34,988045
34,902767
57,409063
68,796811
44,561388
34,104460
46,648502
31,116100
45,408687
38,916024
50,903158
49,271104
40,029752
50,706322
48,755259
62,124085
21,341868
45,796481
42,725419
42,269410
39,490781
70,983767
53,281769
61,968330
39,852990
41,591781
39,418615
63,639189
41,101817
42,442725
49,307235
36,763385
60,467586
43,570335
55,488318
45,306422
71,139608
46,938836
36,313820
48,779167
53,434566
36,274909
29,908552
60,857800
50,375372
55,763653
46,567435
51,026452
54,784707
40,175731
42,193740
43,195831
50,179970
47,277205
37,614226
62,479102
49,827161
51,820505
50,755481
40,102695
58,978980
42,987531
67,841980
64,858214
53,946115
34,638379
37,226702
35,646654
50,424306
48,195770
62,039093
68,295485
35,321057
52,308610
45,408687
54,151695
37,444962
49,162821
61,784610
68,068466
48,361953
44,147485
50,289818
51,261289
50,510020
32,636247
48,457095
36,313820
47,172011
53,485567
50,644920
34,225725
32,482870
58,203829
57,758351
58,163231
47,405997
52,926435
82,715329
61,559021
48,707466
46,083098
36,411225
46,175079
32,347953
46,255669
39,501098
52,875809
40,816112
37,325802
67,255612
32,527929
36,606579
55,579990
49,090726
34,647798
48,540452
49,960780
32,753873
45,739308
83,219734
54,642152
42,714522
49,186870
37,844076
41,080606
42,954705
36,812482
50,841589
44,831310
59,376133
32,437855
47,207058
56,277535
56,661805
53,230904
52,095451
58,610903
62,921308
40,521290
22,440416
44,921538
48,982721
39,635388
34,412870
64,101655
41,623876
81,129517
45,773606
42,954705
54,319133
51,112883
70,657289
56,343657
73,139915
76,731706
53,651556
52,107973
57,744889
60,356421
46,175079
51,001777
50,228771
58,474990
56,396594
61,982478
40,752810
36,684924
48,160211
45,819365
30,551347
48,862912
54,836610
59,651127
23,881752
53,180074
34,441003
56,264317
30,036357
72,111230
43,515119
36,469755
72,822297
46,938836
47,947245
45,819365
62,024936
50,718608
53,319939
56,383357
79,245078
55,632422
52,547570
52,850509
52,572768
41,902757
52,484612
42,301869
28,313818
55,658650
66,390215
57,825693
41,945777
59,871767
50,534528
50,816976
39,418615
65,886587
51,273670
55,540689
60,259270
64,581052
52,082931
69,178332
70,254551
48,588129
43,338757
55,449063
48,397616
52,333728
59,996129
45,226993
32,726703
61,940040
54,074538
36,969901
60,718235
37,494691
47,782062
48,588129
59,788959
50,143392
55,449063
62,907009
50,497769
48,290683
43,305745
40,647460
44,595066
67,616028
44,741209
53,053148
50,045941
47,864604
60,606745
57,301890
54,849592
35,292427
45,420060
38,834394
61,432383
60,732181
39,563038
45,215654
29,493674
57,516378
38,205799
40,384914
57,933555
51,211787
57,731430
30,577255
40,008928
26,114293
41,655989
51,014114
56,515831
39,728544
62,778420
38,783436
47,935433
57,583521
31,856572
33,135902
49,500249
32,899046
34,553694
54,616261
54,940520
57,194858
20,529313
53,002437
56,515831
39,377419
56,529090
50,179970
62,393768
58,082096
31,028750
46,718067
41,399574
60,411985
40,008928
43,250763
42,627415
54,577441
36,499044
49,512330
57,852645
44,707454
47,429440
47,452891
46,671682
49,851436
52,837862
43,294745
41,849025
41,207987
43,217798
54,499858
61,053571
46,440242
43,736277
73,283163
65,812753
39,946502
57,731430
60,217667
49,090726
56,079495
54,784707
66,717537
40,679045
36,753571
77,839821
45,945366
46,301764
48,219486
49,042703
52,850509
60,997591
46,985406
55,947742
56,066310
54,383629
61,446445
51,323214
61,179658
44,102901
58,938003
68,964497
76,995307
56,728245
36,724140
49,997265
32,231338
59,720015
60,481492
41,999595
55,279183
57,435879
57,556657
44,292603
51,995352
54,979522
34,657218
44,505297
51,261289
66,108442
35,935671
48,041815
54,435265
61,446445
75,244628
56,967881
39,008000
40,050584
63,855676
62,379554
56,582150
55,488318
49,500249
48,445195
55,174823
72,221516
50,903158
49,042703
69,822653
48,516625
54,448179
30,577255
57,315279
61,319970
37,804032
36,538122
41,017019
37,345643
53,753883
62,607258
67,465689
38,834394
48,910811
51,957850
57,315279
57,812220
43,515119
39,325966
53,613219
52,799934
44,438053
40,742267
49,391614
52,850509
37,694063
47,195373
27,687843
48,635839
24,049778
69,010279
38,651163
57,087966
32,464859
50,583571
44,763723
53,869165
62,949913
59,321242
48,006336
50,927800
46,962117
48,779167
47,640794
41,176116
80,259789
70,455716
58,203829
40,847788
51,882903
57,128034
55,488318
37,684077
56,436320
32,880875
69,868838
49,560675
43,725200
20,992902
52,233308
50,314252
59,775166
49,742261
33,974200
31,555406
53,728289
49,343385
57,516378
59,170475
44,147485
72,221516
59,830353
48,480901
42,280228
60,384199
51,546578
46,544291
66,434782
33,026438
68,857755
68,204613
66,019637
49,006708
34,978563
52,509789
36,420975
38,306703
52,698887
43,493047
54,966519
54,035989
29,544261
39,749267
42,021136
48,874883
54,901538
34,600724
43,053234
49,900013
57,409063
42,064241
52,497199
31,741187
40,500288
55,974075
59,554777
42,976587
28,642815
58,122654
57,128034
44,763723
64,741412
44,415655
55,934578
54,745803
44,910252
69,992102
48,338188
34,836539
44,932825
30,430641
54,693960
39,852990
57,785281
59,019978
50,119017
31,493647
66,628154
50,302034
55,789925
41,006428
38,620683
29,976668
48,207627
44,125189
51,957850
67,105840
49,669571
46,198095
65,136215
58,055068
29,806580
49,985101
56,476065
55,750520
36,684924
44,449256
59,788959
36,013016
38,296604
62,949913
54,164562
23,613140
41,484923
43,526159
54,642152
51,347999
36,158349
46,567435
35,044977
46,660091
27,150974
61,784610
60,259270
36,372241
52,296054
55,724260
44,449256
53,766684
44,069483
61,587188
35,790960
37,914224
57,893090
49,174845
56,000417
63,107404
62,067415
49,006708
39,821853
48,219486
41,346293
63,193426
54,396535
59,486023
72,079741
49,078717
56,303977
64,000288
53,856347
52,812575
39,936104
24,380864
51,870419
63,193426
45,922438
41,870512
40,248859
54,396535
30,525453
61,221728
33,557843
51,870419
39,325966
52,964426
30,096128
50,033768
38,814006
67,345589
49,621152
60,037624
56,092683
43,958218
28,882980
36,138948
45,454191
29,993714
55,671768
53,779486
52,939096
44,741209
54,681005
42,616535
52,358854
49,802893
68,128952
36,655531
44,774982
39,769996
71,953885
32,663366
56,515831
37,276229
45,705028
37,068524
51,397593
41,666697
34,723209
60,231532
43,294745
67,450668
50,314252
37,484741
54,706918
38,236051
40,964082
44,281428
50,350918
54,100249
73,060419
47,994514
34,912235
52,522380
52,623190
40,731725
50,253184
66,330824
50,718608
49,596955
48,862912
53,256332
49,851436
61,982478
53,689913
46,498027
71,030494
65,282868
48,326309
27,390469
51,957850
28,717201
53,116584
71,985335
67,811823
58,434259
32,043576
39,687123
47,195373
35,197111
60,760081
69,945860
34,356652
51,385191
49,343385
48,385726
71,953885
38,987548
34,450384
67,465689
65,621056
69,025545
24,203899
48,231347
48,433297
55,711134
61,235756
59,802755
48,576207
47,829216
46,129072
52,333728
58,271536
55,947742
50,706322
42,215351
62,593009
45,922438
68,371277
61,474576
48,468997
67,585942
60,356421
60,342535
55,750520
32,545965
41,913509
49,718023
51,745696
28,667596
47,687850
55,658650
53,243617
62,336924
43,086111
33,751700
44,718704
54,151695
60,425882
45,773606
65,547432
48,065478
44,460460
52,396559
70,285473
51,496883
36,284634
48,480901
41,346293
50,106832
44,718704
50,045941
37,197008
33,502597
55,895101
55,292237
46,313292
65,812753
36,626154
47,230432
56,158652
30,958991
45,295069
43,261756
57,731430
43,250763
55,357543
48,255075
73,778093
33,548631
56,092683
51,820505
19,975822
47,172011
48,874883
37,494691
41,431565
58,502155
56,330428
47,277205
59,996129
39,728544
33,835019
36,538122
43,769518
57,610393
46,544291
34,235065
49,247027
46,440242
50,387602
33,117640
53,689913
51,957850
61,235756
51,845458
61,404266
51,112883
49,560675
63,265174
49,295189
44,538945
64,902053
47,253814
63,293889
44,069483
31,945527
47,699620
52,459443
57,368857
65,106912
37,984462
40,700111
53,065831
44,774982
33,364759
64,116145
36,109860
65,901361
58,897045
66,330824
43,129976
49,778634
48,504715
61,559021
49,900013
29,107827
50,657196
33,705473
68,903487
52,145551
29,772642
52,610581
66,019637
29,552698
63,754584
57,208229
60,009958
28,215628
45,249677
42,976587
56,000417
62,536037
39,801105
62,806979
32,276156
46,973761
63,466373
37,435022
42,085805
64,072681
28,708930
43,349765
47,452891
38,246138
29,149597
70,409257
44,013826
30,637767
46,544291
43,283746
51,509304
30,010766
18,073317
66,004844
32,654325
51,745696
43,151920
43,338757
36,158349
69,807263
61,053571
33,099386
64,887438
66,375363
59,197867
50,363144
49,319283
48,611980
59,761375
23,310744
46,094588
61,348060
40,868915
58,014544
26,433324
37,415147
58,774293
60,425882
41,431565
45,910978
56,251101
76,140944
45,636522
49,090726
58,869751
55,974075
42,345175
53,447313
29,857536
37,564388
45,945366
59,376133
22,447400
36,333287
35,359255
42,649180
39,120621
52,585371
39,811478
57,275119
69,730348
55,462146
63,884580
39,645731
25,491806
55,776788
53,129278
48,910811
46,301764
40,489790
56,000417
41,838284
30,828486
68,842515
37,484741
62,621509
41,420900
40,102695
35,044977
64,043717
25,029802
44,036083
60,384199
54,319133
32,419860
49,972939
54,010300
34,132417
62,450648
53,753883
36,528350
33,373936
53,205485
42,540432
55,987245
59,047321
56,383357
40,594856
27,792851
33,145035
57,677614
61,530864
50,228771
47,959059
48,779167
44,639997
63,179083
46,776094
47,300603
63,408842
53,002437
45,136337
63,855676
74,404104
28,552080
79,026430
50,375372
40,890050
29,183043
37,504642
38,306703
40,636935
59,472279
61,940040
49,560675
50,915478
61,277853
56,119064
48,018160
35,742813
53,881984
30,379011
26,292934
46,463350
34,459767
59,362407
51,409997
37,664111
33,493396
42,889107
48,540452
36,430728
31,203621
54,332028
50,730897
42,529568
40,911193
49,524413
51,720777
44,047214
56,171852
57,489536
45,579489
50,204367
45,933901
53,040467
42,399350
46,741272
62,351132
36,003341
39,625047
57,731430
54,383629
60,162229
68,842515
42,377674
43,902659
37,098147
53,511081
20,608285
47,900009
44,426853
55,658650
53,587672
63,007150
41,123036
38,967103
33,594708
37,226702
33,493396
40,238406
62,124085
52,736763
46,382507
46,129072
37,804032
62,692798
40,795004
48,838974
44,639997
21,422956
40,700111
54,074538
34,253751
49,054706
47,723164
66,792087
42,377674
66,004844
21,477132
47,207058
38,712173
60,453682
60,787989
48,160211
44,091759
50,265393
40,123553
44,617527
37,197008
38,367334
30,027825
53,243617
41,314348
46,221118
41,730984
44,102901
47,629034
33,474998
24,804709
53,498323
54,254691
34,798734
54,216051
66,583495
86,202786
43,858247
63,265174
58,055068
29,798093
26,550709
58,774293
46,025674
55,200900
52,749393
37,246508
37,078397
63,265174
59,954655
46,625330
31,264987
69,254816
50,302034
44,415655
42,128956
53,600444
51,832980
65,194848
49,596955
36,255464
63,812337
49,548585
59,596056
52,371420
41,988828
40,615892
41,967298
55,213942
36,420975
42,834496
64,770599
57,637275
61,841098
56,555616
57,812220
61,263818
57,556657
56,874605
40,217507
56,423076
51,658516
56,608693
44,910252
40,868915
59,348683
51,795560
52,070414
50,167776
39,904922
51,075829
37,884149
45,807922
61,249786
55,318353
55,318353
38,205799
50,522273
54,499858
57,974039
68,872996
35,569856
36,100167
40,290688
49,271104
44,359692
59,280097
54,241809
43,548243
65,400359
42,507846
47,230432
53,103893
46,997054
52,007857
43,250763
61,348060
69,976686
48,255075
73,155822
57,395659
45,625111
45,499726
41,698832
41,570394
67,510766
61,530864
34,742080
76,140944
63,293889
60,537137
73,698106
54,797680
52,749393
34,638379
34,011381
69,684228
31,229911
31,954432
54,125967
64,203134
55,645535
52,045385
35,810231
54,499858
55,698010
30,889341
48,874883
54,797680
32,500889
50,033768
43,714126
30,096128
56,582150
52,358854
57,021230
27,954938
61,053571
48,006336
74,355816
29,493674
60,774034
60,342535
47,935433
59,006310
56,714952
50,240976
63,279530
59,225268
36,999469
41,634579
37,714041
36,440482
83,971663
43,736277
53,702703
41,730984
50,167776
59,637356
52,082931
54,642152
42,976587
59,582294
50,424306
52,283501
54,616261
40,374437
51,484464
65,268192
58,488571
36,812482
54,306241
44,303779
41,773881
49,621152
62,550277
47,183691
55,855644
38,074901
44,158636
56,423076
55,083622
44,449256
66,851769
53,536602
40,900620
47,335716
58,760665
48,647772
39,842609
35,407042
48,338188
44,326139
28,824883
50,155583
52,926435
46,336356
62,678535
45,317777
41,859768
45,317777
37,395280
70,828168
54,319133
52,245853
31,247445
33,659291
49,960780
53,587672
30,646418
56,914567
77,408468
45,442812
42,128956
28,395822
27,047642
75,407035
40,479294
31,168593
39,367124
49,090726
38,936450
45,807922
48,314431
58,190294
64,697650
52,308610
46,799318
51,484464
38,115144
60,134523
37,494691
33,668524
46,198095
57,758351
42,812665
32,186564
56,026768
51,945354
47,676083
38,347116
41,527643
39,408313
52,057898
60,065298
46,962117
49,259064
63,711294
63,567142
56,105872
72,001063
47,218744
15,676383
25,913358
50,363144
52,749393
59,816553
65,738977
37,098147
43,108040
47,982694
43,349765
34,647798
51,323214
44,707454
42,366839
62,849835
57,301890
56,277535
55,514499
66,301142
33,072017
70,937062
51,832980
55,566887
44,966699
65,150870
55,070602
29,645614
50,522273
51,075829
29,535826
38,793624
70,641769
23,440015
51,162318
45,750739
28,593299
50,058115
47,218744
53,065831
59,692453
41,602478
60,051460
51,236534
43,129976
61,756380
40,050584
58,366419
46,129072
45,796481
40,301150
45,842256
61,474576
41,048804
69,132471
55,566887
74,436308
36,851793
48,373839
54,357825
69,285426
47,852806
32,419860
40,019339
42,987531
52,195685
36,459995
51,571439
52,145551
49,754383
67,676230
40,019339
41,935019
63,797895
40,626413
44,281428
49,997265
49,403676
49,295189
69,530651
61,474576
41,197361
43,437899
60,092981
44,069483
46,313292
49,415741
45,716453
42,801752
50,289818
62,308516
34,356652
41,892007
46,683276
41,165496
29,375871
60,829869
35,445305
65,738977
48,421401
58,068581
28,725475
41,795341
46,394050
28,535604
38,407792
52,057898
49,186870
55,960907
36,528350
51,670964
35,073468
42,518706
37,794026
32,735758
60,079138
32,410866
64,450057
43,880449
35,839152
55,109669
59,266386
61,925899
55,266130
44,404458
46,117576
35,101974
39,676772
37,157442
51,795560
44,628761
35,608241
50,780073
53,958948
55,122695
37,734026
43,515119
52,648414
54,061686
31,107358
40,447817
48,731359
61,699946
36,675124
59,006310
47,183691
62,864125
58,271536
39,223200
68,903487
44,303779
41,816809
50,302034
57,650719
45,295069
45,716453
48,290683
50,473273
53,091203
53,511081
56,000417
46,382507
41,059403
46,660091
47,394278
49,319283
55,881947
49,476094
40,479294
67,165721
59,102034
49,536498
75,797826
51,286053
50,436544
38,885399
62,892712
37,494691
57,382257
41,913509
44,516511
55,213942
42,064241
52,711510
67,570902
49,391614
48,994714
50,853899
25,150422
57,021230
65,224179
46,417142
69,945860
50,314252
55,005534
56,383357
32,971800
38,337010
50,927800
56,026768
36,265186
67,105840
47,805635
55,698010
61,263818
43,426876
42,779933
33,539421
37,375420
38,004546
42,139749
56,489318
53,383600
58,801555
43,338757
45,181649
61,193679
46,799318
60,259270
36,626154
38,064844
64,246660
52,497199
66,345668
56,821352
55,593095
50,167776
51,521726
20,072749
54,151695
53,805098
45,113693
72,126978
49,451946
44,628761
65,326910
48,504715
57,974039
45,945366
51,496883
51,970349
48,576207
46,278712
36,284634
52,547570
49,259064
30,087584
28,932842
43,813867
61,348060
37,474794
36,469755
43,902659
57,128034
60,578895
60,439781
38,488797
49,972939
40,900620
61,629455
45,910978
56,901244
63,394464
44,337321
51,932859
47,382562
42,692733
30,525453
70,223639
68,295485
34,422246
52,170614
59,609821
46,810934
35,993669
33,714715
26,582072
44,114044
42,562166
66,717537
58,203829
48,231347
47,782062
42,758121
54,992527
51,323214
51,397593
48,922791
51,261289
45,170318
67,555864
35,993669
43,283746
48,504715
44,696206
49,078717
69,331359
34,940650
65,783235
56,794739
37,405213
55,711134
48,278811
37,335722
43,581384
50,461028
53,946115
26,091054
50,952451
27,800940
43,669847
39,852990
54,280461
51,472048
36,547896
31,981157
63,942416
54,538640
58,556511
55,475231
69,992102
54,525710
49,609052
30,707025
43,042278
52,888462
53,728289
43,680914
53,154672
35,035484
67,375600
23,823497
47,160333
51,571439
31,221146
48,492807
45,590891
31,238677
58,733415
26,488059
39,028460
45,238334
31,758920
39,915315
43,053234
46,129072
53,817907
40,374437
57,812220
43,791688
60,023790
35,926011
40,290688
51,026452
45,045808
59,389862
42,998476
48,540452
31,998983
28,297436
40,426842
60,578895
34,272445
30,301680
41,399574
35,617841
39,059164
40,763356
53,549366
30,318853
45,442812
44,314958
45,476954
38,590220
59,885576
48,231347
51,360394
22,932946
53,984620
66,702634
60,495400
40,405874
33,181586
63,365717
44,415655
37,604255
65,106912
55,488318
56,608693
42,064241
44,337321
49,851436
46,509590
50,485520
52,107973
45,091056
28,849772
27,119151
47,959059
69,822653
57,114676
48,671644
36,979755
34,553694
63,653605
60,662472
42,943768
49,355439
63,007150
50,952451
39,511416
68,204613
34,845995
47,782062
49,006708
53,830718
51,895389
47,805635
60,065298
45,670766
46,463350
43,947102
44,865131
61,911760
49,936467
31,954432
63,509546
53,523840
39,936104
66,702634
31,449584
49,162821
50,314252
61,109587
46,278712
41,293060
55,148755
40,521290
49,584859
57,101320
45,865155
61,418324
53,881984
48,600054
35,521916
49,754383
60,162229
42,486131
52,661029
42,323518
52,070414
53,805098
38,095019
57,785281
49,464019
57,342064
58,041558
74,694298
42,507846
49,126764
62,550277
62,152434
43,305745
57,947047
57,610393
47,359135
57,664165
47,043665
57,047918
31,273760
46,636915
48,982721
48,659707
46,163575
47,746717
40,563316
43,680914
72,426650
49,018704
71,170805
27,422511
42,900036
51,162318
58,938003
54,486935
54,486935
65,665259
66,241808
30,845865
40,311614
50,915478
69,561347
30,387612
50,326472
48,124671
36,979755
41,186738
41,956537
55,960907
45,991244
62,223346
43,647720
52,095451
43,086111
60,620673
46,336356
48,719411
41,591781
43,195831
50,903158
49,548585
51,832980
52,195685
63,136069
58,597302
67,962706
58,163231
49,536498
39,182146
27,809031
65,136215
42,681842
36,197174
38,316804
57,476118
40,175731
48,552368
61,460509
51,026452
63,855676
48,611980
54,228929
33,760951
50,009431
36,109860
40,311614
38,105080
49,018704
63,480762
36,753571
45,750739
49,150800
40,175731
59,170475
47,242122
59,115718
47,405997
44,047214
42,921898
56,741539
51,100530
34,020681
70,703863
45,968301
47,277205
48,492807
43,493047
70,424741
53,805098
54,409443
35,273349
68,310639
39,967303
45,454191
34,403496
62,308516
42,507846
35,810231
60,509310
36,032370
36,851793
52,070414
44,091759
42,834496
35,273349
48,255075
45,750739
48,480901
60,106826
50,977110
52,446862
45,385948
54,357825
54,758769
59,761375
43,108040
56,211467
36,900973
57,087966
33,881368
57,275119
42,605658
51,434811
59,720015
34,179049
65,960480
48,838974
49,500249
57,933555
37,405213
47,499818
38,155417
35,435737
67,857063
55,658650
42,312693
51,670964
60,592819
30,387612
66,881625
33,872095
52,964426
34,553694
58,597302
70,921499
38,997773
36,861626
62,010781
41,324994
46,590587
38,266319
58,692558
48,600054
56,621968
30,707025
39,264284
62,138259
46,267189
61,812850
70,486701
47,043665
37,147555
35,445305
49,222958
42,878181
49,985101
64,712235
45,431435
49,536498
38,488797
36,323552
49,754383
62,336924
55,606201
51,026452
48,623909
52,787296
41,346293
68,083584
28,354799
51,982850
49,596955
55,987245
39,977707
58,163231
62,692798
70,455716
55,698010
61,151623
50,903158
50,780073
33,337238
64,304727
39,223200
66,197331
29,426318
44,002700
39,925709
43,880449
39,325966
76,288331
41,048804
55,462146
73,954281
23,447212
44,303779
45,023195
54,319133
43,636659
36,450238
52,560168
55,148755
69,010279
53,946115
52,812575
48,886857
30,447865
47,101974
55,240032
47,347424
51,658516
27,446559
44,786244
52,686265
73,586227
46,799318
43,184850
37,544465
37,724033
62,053253
59,775166
26,075569
27,015902
73,906200
42,910966
51,038793
47,829216
44,013826
37,226702
44,426853
46,140571
59,143092
63,985817
54,486935
68,401610
57,825693
49,681680
75,553414
30,828486
46,997054
46,950475
57,812220
46,694871
33,835019
28,305626
39,988112
54,319133
43,747355
35,254279
50,387602
26,324087
37,634174
39,573369
46,382507
49,584859
39,925709
28,387614
55,658650
52,939096
57,154757
52,057898
46,706468
60,328652
66,108442
35,819870
32,817332
54,293350
47,546777
40,186172
58,434259
77,110834
43,858247
48,255075
31,546578
63,639189
53,065831
39,563038
42,345175
49,584859
50,730897
63,394464
43,031325
52,635801
46,683276
47,394278
52,183148
41,186738
50,927800
49,271104
84,763721
56,198260
32,880875
57,825693
45,602296
68,416781
45,945366
47,055322
55,684888
56,370121
58,203829
55,789925
34,647798
30,880642
40,657986
59,968477
32,123953
31,520105
45,215654
50,192167
38,256228
48,635839
57,866124
38,428032
40,573828
56,847974
53,881984
76,386701
48,385726
35,082968
59,389862
54,758769
48,815045
38,438155
52,774659
47,160333
54,396535
58,651720
36,255464
39,842609
24,521589
22,833855
43,958218
64,493701
44,910252
32,222380
44,977994
58,787923
58,055068
48,421401
58,014544
60,746130
55,527593
54,797680
52,107973
39,130871
47,570269
42,954705
67,120807
60,481492
57,261736
17,155383
59,637356
46,845792
41,613176
64,479151
41,154878
40,416357
54,629206
62,607258
53,766684
45,590891
47,605522
66,643045
17,359831
46,267189
60,523222
46,880668
61,165640
47,523294
61,123597
53,192779
29,891540
45,431435
32,141833
54,823631
55,018543
49,972939
24,737452
61,643549
56,317201
53,677125
35,187589
47,055322
58,570106
51,063482
56,502573
45,238334
52,170614
44,763723
47,405997
33,044664
61,954184
33,742451
54,525710
44,876408
47,852806
46,660091
35,531500
43,042278
31,511284
35,887389
57,154757
36,557672
40,995838
44,808773
57,208229
62,024936
39,956902
71,436372
32,862711
67,435650
66,672835
52,749393
60,079138
46,521155
58,692558
35,311512
41,838284
45,125014
40,647460
29,713316
59,033649
40,837228
56,861288
36,411225
51,670964
41,123036
43,173871
50,792372
38,854791
60,718235
46,025674
42,638296
31,273760
44,707454
63,870126
64,712235
34,657218
39,470153
65,150870
28,974439
61,742268
41,570394
38,236051
66,419924
76,386701
50,314252
48,743308
38,236051
44,147485
36,733948
39,769996
58,678943
46,313292
55,566887
43,151920
33,723959
54,693960
54,177431
49,403676
55,266130
34,441003
44,247916
38,793624
49,851436
50,436544
39,315681
54,732839
57,154757
26,707779
45,968301
48,791125
36,920657
35,149520
67,495738
66,851769
39,542384
53,243617
39,998519
45,306422
47,699620
78,272876
46,106081
39,212934
51,063482
52,396559
39,925709
43,108040
47,734940
55,122695
40,879482
47,582018
56,000417
54,525710
45,991244
56,821352
36,499044
48,338188
39,552710
53,434566
43,129976
52,661029
37,266320
50,326472
68,507852
72,806442
47,476351
34,188381
57,866124
59,033649
38,926236
47,617277
48,815045
47,429440
72,521466
49,827161
56,237887
22,869211
56,967881
33,465802
47,242122
58,203829
44,595066
59,197867
46,660091
60,079138
64,246660
66,138062
49,560675
29,696380
61,418324
48,970731
50,119017
68,781582
42,747219
73,714098
54,706918
55,135724
39,769996
38,875194
45,693606
29,925571
43,614543
39,967303
43,327751
65,268192
66,702634
64,130637
54,177431
31,626091
52,787296
72,648024
45,773606
51,187048
59,692453
58,028050
58,502155
47,523294
33,640830
58,965319
74,339725
50,314252
49,912162
52,749393
44,865131
60,134523
64,639332
36,743759
38,387559
50,964779
53,741085
52,484612
39,873757
64,043717
40,081845
50,497769
46,764484
48,611980
35,092470
75,634823
41,881258
58,379982
40,795004
52,446862
62,949913
65,694739
32,726703
56,079495
47,746717
45,888063
39,110374
27,047642
48,838974
52,070414
52,534974
32,853632
32,744815
68,705468
63,437603
48,779167
74,404104
64,595619
47,148657
31,573067
53,600444
38,377446
42,150543
66,807004
31,581900
36,518580
57,717972
35,897042
47,582018
56,436320
31,688030
64,406434
46,636915
48,278811
69,469287
49,572766
46,359428
52,321168
59,197867
65,591600
34,029983
43,437899
43,360775
37,019190
44,718704
69,838045
60,857800
59,472279
40,752810
33,044664
59,362407
23,714532
50,534528
54,914530
65,842279
34,263097
54,293350
64,304727
49,451946
56,211467
66,538856
54,719877
30,724356
45,796481
60,746130
38,367334
67,480713
53,741085
72,442447
52,661029
36,567450
51,521726
49,766508
47,032009
37,764018
28,841474
49,500249
34,300498
57,395659
56,039946
50,977110
46,290237
39,656076
42,269410
34,291145
56,754836
36,773201
28,766866
50,792372
53,319939
71,655600
63,769019
52,774659
45,979772
44,214421
48,838974
44,180944
47,923623
64,145132
59,582294
29,544261
33,209017
30,672382
56,582150
60,148375
42,779933
65,694739
47,699620
62,835548
57,825693
58,938003
54,164562
45,579489
68,386443
39,398013
44,752465
34,912235
40,795004
48,302556
49,730141
33,190728
31,750052
43,184850
54,435265
58,570106
50,302034
46,301764
47,711391
42,987531
58,747039
58,910695
40,416357
36,969901
63,423221
54,966519
42,215351
53,053148
44,550165
56,053127
30,534083
42,518706
41,902757
40,144419
40,995838
48,207627
42,845414
70,069221
39,728544
51,596307
42,053462
56,356888
58,883397
52,825217
43,592435
56,887923
61,319970
53,625996
54,216051
36,187465
55,409827
50,534528
50,903158
38,987548
36,822307
45,670766
49,271104
66,419924
54,048837
51,459634
32,844554
37,974422
39,449532
40,953500
51,199417
48,671644
60,398091
55,895101
45,670766
31,396766
59,678675
32,240298
43,393817
41,581087
46,267189
45,590891
36,489279
62,521800
51,174682
46,094588
35,887389
52,245853
45,568088
33,659291
36,051732
39,894532
59,499769
42,312693
61,291890
28,576806
55,148755
56,303977
51,546578
69,576699
56,701662
34,263097
34,742080
40,837228
49,415741
35,771696
39,904922
49,548585
46,152072
43,791688
35,560264
35,225687
46,579010
39,676772
51,708321
48,278811
48,172062
38,105080
48,409508
64,479151
58,529328
38,803814
41,101817
52,875809
52,901118
34,808183
49,790763
73,890178
64,770599
46,810934
75,131091
37,864109
41,335643
47,195373
66,019637
57,516378
39,583700
33,964909
68,933987
44,651235
48,755259
47,032009
52,296054
25,241149
49,464019
66,034432
55,070602
29,781124
45,796481
29,704847
55,619310
34,666640
55,226985
50,927800
35,149520
45,102374
47,535034
46,636915
32,935409
50,866210
43,382801
31,963339
56,409834
48,350070
37,425084
33,955619
27,326462
49,006708
50,302034
61,460509
27,478646
48,910811
42,442725
43,515119
57,476118
51,298438
39,811478
57,852645
44,718704
55,750520
33,163307
51,484464
60,065298
44,270255
42,431878
35,974329
64,945913
40,795004
47,312305
78,892090
46,822551
31,812159
65,253519
35,483596
17,791547
56,476065
40,259313
30,164538
59,871767
37,884149
60,732181
31,387968
67,255612
33,964909
58,842466
50,829282
49,018704
34,207049
53,015112
44,303779
38,997773
47,312305
60,092981
54,370726
72,001063
49,488170
45,568088
42,107377
57,342064
39,645731
51,957850
44,516511
51,932859
47,441165
35,349702
47,452891
48,266942
30,036357
47,370847
44,887688
72,458246
50,804673
64,450057
44,729956
62,095746
58,706175
57,543228
58,041558
56,053127
64,145132
49,259064
38,895606
52,095451
38,752884
38,712173
64,246660
35,016503
39,418615
37,594285
60,273142
28,150299
48,314431
46,451795
50,816976
40,207060
57,261736
55,803064
46,857415
42,965645
57,516378
41,261143
51,472048
38,004546
56,967881
63,150405
55,632422
53,345397
51,845458
38,610527
46,440242
47,090308
47,101974
63,610363
46,221118
42,943768
30,138871
55,070602
32,329993
41,967298
56,661805
61,291890
74,565224
52,951760
45,807922
58,041558
62,921308
46,486466
25,928776
44,125189
45,420060
55,895101
58,149703
49,875720
45,215654
39,008000
54,681005
53,792291
54,048837
47,265508
73,554284
51,957850
38,529344
58,733415
55,096644
32,889960
47,136983
65,547432
69,961272
68,356114
47,288903
51,646070
66,657939
41,431565
56,927892
37,564388
47,090308
63,222118
62,806979
32,681453
42,769026
39,398013
30,534083
43,217798
45,363216
45,397317
28,248332
30,430641
34,104460
41,484923
47,394278
67,811823
39,936104
35,742813
54,383629
45,991244
40,953500
31,308871
54,087392
47,218744
67,390609
41,346293
47,230432
37,964384
46,382507
47,817425
66,777172
48,089149
55,842496
51,521726
63,035783
75,033870
50,045941
68,038237
69,884237
37,954349
25,836358
39,988112
51,360394
45,431435
38,824199
64,785195
49,997265
50,399835
50,694037
62,521800
37,864109
47,723164
71,577250
41,495600
60,356421
52,020364
39,521737
52,673646
47,043665
57,717972
50,706322
49,488170
38,286507
48,077312
50,903158
44,808773
48,338188
48,588129
55,829350
35,704328
70,115521
69,270120
54,836610
46,198095
61,812850
46,962117
31,151088
50,009431
43,813867
67,826900
58,787923
59,554777
44,820041
45,011892
36,724140
53,040467
48,183915
47,183691
47,078644
59,996129
34,300498
61,756380
54,953519
54,836610
52,095451
48,136516
47,218744
55,606201
39,182146
32,527929
35,762066
46,602166
62,907009
44,572612
47,032009
44,225584
61,067572
70,378297
37,444962
64,275689
57,704517
50,021598
38,246138
39,470153
31,476017
56,237887
49,912162
47,734940
35,848796
63,050102
56,781436
46,648502
57,047918
63,711294
56,502573
39,418615
42,954705
62,194975
58,570106
48,314431
43,636659
68,888240
28,982764
52,346290
55,331415
50,952451
47,923623
37,724033
43,947102
38,397675
50,853899
38,276412
42,867257
51,832980
34,940650
53,971783
64,116145
47,370847
63,322613
75,325801
56,092683
61,291890
28,305626
37,854091
46,025674
43,504082
47,793847
54,732839
63,451987
58,285084
48,029987
38,844592
53,154672
47,723164
57,208229
44,842582
57,288503
64,945913
46,071609
76,616582
47,312305
39,884144
63,653605
46,428691
48,838974
62,209159
38,987548
49,006708
51,397593
75,455806
43,261756
58,298634
64,174129
34,572500
56,901244
45,785043
32,899046
60,425882
42,118165
40,605373
73,666128
68,675040
47,207058
43,228784
37,864109
51,932859
62,507565
80,242802
45,317777
30,620469
60,342535
53,002437
55,344478
63,841227
31,617249
27,720124
55,960907
57,771815
47,055322
61,742268
37,266320
44,080620
46,106081
54,474014
62,536037
50,302034
50,767776
44,977994
53,460063
53,715495
49,705906
47,888205
55,619310
38,296604
56,542352
46,037155
40,805557
28,182951
52,724136
57,933555
35,675483
41,271780
64,319250
56,714952
38,468535
45,091056
46,244150
68,599010
75,472068
65,916137
42,562166
34,366017
33,090261
56,185055
46,117576
44,505297
37,286140
49,669571
60,578895
70,688336
50,143392
62,450648
47,347424
57,529802
37,624199
53,805098
44,561388
60,467586
52,107973
39,697475
41,282419
38,824199
53,587672
54,074538
51,907877
25,951916
48,659707
30,637767
60,578895
48,504715
43,570335
61,657645
34,067207
32,953601
63,595954
54,448179
38,488797
66,138062
24,521589
68,386443
44,147485
44,932825
58,774293
49,174845
60,913689
73,490427
53,383600
55,096644
36,518580
44,853855
51,211787
42,529568
58,230905
58,897045
29,569577
45,602296
39,408313
30,344625
55,057584
55,855644
47,230432
53,625996
44,314958
41,006428
58,842466
60,551054
48,468997
51,372792
