29,637159
90,309768
62,464874
66,657939
63,884580
64,145132
35,340152
67,345589
49,415741
74,645877
73,076313
64,304727
64,435514
50,424306
39,367124
49,754383
43,448925
40,196615
50,743188
42,075022
48,803084
38,529344
39,821853
42,453574
48,516625
62,194975
50,706322
32,853632
64,785195
54,267575
37,794026
38,732525
59,238972
58,965319
37,108025
32,808261
43,349765
66,926425
37,754019
52,308610
50,265393
54,100249
49,488170
57,717972
69,899639
49,054706
44,887688
53,779486
61,067572
70,859269
65,165527
62,835548
32,708598
61,404266
56,462815
52,484612
75,634823
48,970731
46,857415
51,583872
38,004546
58,883397
40,447817
46,278712
43,250763
39,069402
49,512330
59,238972
51,808031
65,606327
37,305967
81,215142
36,655531
53,396338
49,331333
33,401477
39,284837
76,173679
74,710443
82,403344
53,129278
50,903158
71,483309
71,467661
79,245078
75,634823
35,311512
37,604255
46,117576
39,243738
54,448179
68,918736
32,473864
58,965319
35,945333
52,245853
41,924263
76,157310
73,906200
39,367124
51,857937
55,895101
52,926435
41,967298
51,385191
43,614543
60,551054
51,820505
41,165496
33,465802
43,858247
52,421706
34,534894
43,581384
34,151065
64,348302
23,562555
33,209017
37,924252
48,006336
37,345643
57,731430
62,351132
25,652202
56,000417
48,266942
81,885229
54,719877
52,383988
61,502715
28,766866
34,685489
70,905938
49,875720
61,418324
48,982721
57,087966
46,718067
25,279018
31,221146
31,089877
60,411985
52,472026
45,522505
69,776490
47,911815
72,001063
59,499769
48,492807
67,270602
67,240624
54,010300
44,639997
51,409997
52,007857
77,607342
55,488318
35,035484
52,195685
69,776490
38,215881
56,185055
55,658650
44,684961
40,426842
31,098617
65,827515
61,685843
81,885229
28,240154
41,452903
36,518580
34,742080
12,462234
50,167776
58,230905
60,370309
64,000288
28,044362
40,061002
37,794026
46,776094
39,718186
59,389862
70,781536
48,480901
38,854791
49,730141
42,878181
33,355584
51,447221
53,485567
51,857937
54,177431
72,442447
55,776788
55,684888
62,152434
41,806074
63,093075
49,307235
52,095451
63,164743
73,730093
47,441165
60,092981
42,900036
66,182510
46,071609
46,060122
42,900036
45,329133
39,532060
52,409132
29,679451
63,093075
53,116584
51,125239
45,034501
48,160211
50,179970
67,001140
37,068524
58,041558
33,539421
36,265186
43,858247
38,266319
56,277535
50,657196
72,032527
35,829510
71,938164
76,995307
49,006708
48,338188
33,337238
26,261806
43,736277
75,863097
52,233308
57,101320
52,673646
64,174129
63,884580
45,125014
69,561347
75,863097
45,899519
58,407116
39,738905
54,293350
46,129072
33,135902
27,550937
44,786244
69,392637
36,841963
42,812665
34,104460
52,698887
53,651556
37,058654
37,315883
59,458537
52,158081
23,512045
57,489536
51,608745
43,647720
64,960538
56,158652
53,766684
56,330428
65,385665
59,844155
55,658650
45,670766
54,177431
53,920457
47,300603
50,522273
49,900013
50,583571
46,915563
65,650522
55,083622
46,347891
37,524550
59,927016
67,285595
58,001040
36,783018
41,006428
56,768135
55,253080
43,448925
61,968330
51,870419
68,720686
64,450057
58,001040
43,526159
55,671768
65,709483
52,673646
69,607410
27,222671
41,207987
34,855453
47,417717
50,878524
48,089149
45,511114
56,981215
49,295189
35,206635
54,693960
39,749267
59,197867
36,158349
44,348506
67,465689
50,070291
56,821352
49,693792
45,192982
30,121769
46,648502
58,163231
40,217507
45,499726
36,969901
45,488339
59,913201
43,470982
55,462146
67,315587
52,446862
44,136336
70,579713
47,405997
38,885399
61,404266
50,743188
61,728158
58,678943
46,706468
46,915563
59,885576
66,821923
61,841098
68,159209
65,503286
50,718608
68,918736
53,141974
37,564388
51,125239
63,365717
37,814040
56,675089
70,797078
60,829869
46,382507
49,584859
52,007857
71,436372
47,113642
55,947742
47,652555
31,229911
46,985406
74,629741
45,011892
61,067572
42,889107
51,323214
50,497769
62,806979
33,218165
41,709547
62,237535
38,024638
55,096644
50,915478
44,527727
57,825693
24,909578
34,291145
72,221516
49,114749
54,681005
48,504715
64,916671
60,051460
44,047214
64,726822
56,356888
28,866373
52,749393
46,869041
66,152876
45,170318
60,927667
50,743188
47,617277
44,944114
69,530651
39,925709
54,357825
58,366419
35,130496
84,640165
68,888240
73,746091
75,732595
35,617841
45,888063
49,936467
34,366017
35,445305
55,763653
53,002437
58,190294
50,412069
45,568088
64,551926
52,749393
32,106079
60,801947
63,682445
43,747355
87,858255
56,954549
52,208224
27,158934
55,671768
36,930502
35,292427
37,734026
65,121562
43,791688
59,088352
40,133985
39,243738
48,695523
56,092683
50,632646
41,495600
49,102737
36,294361
33,603929
54,512783
50,829282
62,067415
84,340632
54,719877
54,087392
35,416605
24,759857
50,106832
50,546786
66,019637
44,393264
75,293324
52,308610
63,509546
38,266319
46,602166
27,865710
23,360958
43,570335
42,312693
34,732643
47,405997
53,907630
32,799192
49,524413
47,464620
56,489318
51,957850
54,164562
57,128034
37,266320
65,385665
45,842256
67,932510
75,455806
28,166622
38,620683
36,743759
61,770494
61,095580
58,733415
62,265921
48,504715
67,796747
40,689577
40,721185
49,790763
55,357543
35,531500
51,088178
48,421401
42,182938
69,515307
39,542384
55,449063
47,218744
54,719877
38,977325
54,732839
45,979772
60,189943
51,323214
50,706322
34,244407
36,391729
44,080620
56,994551
47,335716
48,302556
82,109460
41,538328
71,014916
63,265174
63,265174
51,932859
62,678535
53,869165
51,695866
39,790733
59,954655
53,460063
52,736763
58,978980
31,821038
38,014591
46,509590
59,623587
36,401476
72,711362
72,632196
73,474469
23,167682
46,706468
56,861288
47,499818
52,120497
35,311512
66,732442
40,710647
45,147662
59,088352
40,479294
33,835019
72,268818
39,470153
23,382501
79,430423
48,457095
41,218614
28,109522
30,036357
61,826973
54,332028
62,351132
30,611823
54,254691
51,895389
48,707466
47,523294
35,206635
60,913689
59,417325
69,331359
55,488318
50,669474
49,681680
77,061307
59,376133
68,340953
38,498931
52,673646
49,524413
73,235392
51,422403
58,407116
61,855226
53,702703
56,701662
55,174823
59,252678
57,704517
63,884580
62,607258
39,490781
44,651235
59,019978
41,293060
56,053127
55,318353
26,316297
52,434283
42,431878
46,997054
50,277605
42,910966
51,808031
48,373839
54,512783
62,849835
31,194861
59,775166
45,136337
63,322613
78,222821
59,486023
62,053253
45,204317
43,958218
67,917416
55,161788
39,707830
47,324010
19,706121
65,326910
67,646124
64,014762
60,425882
52,850509
35,359255
42,670953
57,812220
41,006428
43,747355
41,623876
56,436320
41,070003
43,570335
38,347116
50,571307
62,294315
58,257990
40,636935
54,706918
71,077243
42,965645
45,420060
52,032874
78,356351
56,861288
50,204367
64,610188
52,698887
61,784610
44,853855
62,209159
46,025674
52,383988
41,420900
79,245078
51,187048
54,862575
51,397593
61,911760
39,687123
46,486466
51,038793
58,434259
33,631602
50,119017
49,174845
60,606745
56,954549
33,346410
44,102901
68,250038
58,570106
67,120807
49,645357
43,802776
54,668052
24,864597
62,806979
57,744889
59,238972
51,063482
44,606296
57,947047
49,924313
58,869751
40,510788
60,287016
35,868088
59,968477
47,429440
37,415147
51,484464
40,752810
37,514595
51,051137
58,393548
50,571307
59,664900
39,274559
40,521290
19,680566
40,615892
46,370967
67,540829
50,326472
35,627444
51,932859
46,428691
67,962706
61,728158
47,664318
57,181488
51,970349
65,297546
38,276412
52,547570
33,438224
54,332028
41,452903
52,875809
54,849592
39,780364
67,932510
61,530864
59,899387
54,010300
34,011381
22,538337
65,150870
62,664275
68,023126
44,136336
58,965319
64,770599
61,869356
45,261022
42,703626
57,516378
37,624199
46,985406
33,844285
43,791688
86,668367
40,227956
35,868088
67,045998
78,841754
65,783235
63,093075
37,744022
28,932842
57,261736
60,969615
44,684961
39,936104
38,084959
37,734026
56,675089
41,516960
49,524413
44,326139
58,610903
34,619548
41,006428
38,316804
54,357825
47,300603
37,884149
54,280461
47,758497
85,952827
39,038693
66,004844
34,817633
42,258594
52,321168
72,774739
48,077312
49,210926
58,339298
57,409063
43,261756
68,538229
53,015112
59,362407
50,448785
64,319250
26,676314
51,224159
58,312187
52,133023
37,574352
64,203134
26,952499
73,283163
47,055322
61,544941
62,578763
44,651235
71,671277
40,731725
44,639997
39,120621
64,014762
54,023143
59,184170
61,474576
42,834496
66,702634
51,125239
51,608745
56,237887
49,621152
59,664900
38,004546
51,708321
37,954349
58,474990
32,159720
66,434782
51,137597
51,932859
74,823530
25,195758
27,494700
49,512330
61,095580
46,394050
47,546777
60,287016
76,222801
47,090308
55,148755
47,265508
40,332548
38,519204
30,361815
25,400461
54,940520
46,915563
34,356652
20,746983
30,002239
53,498323
57,704517
50,669474
39,852990
73,586227
40,061002
61,925899
59,844155
59,927016
71,233228
36,802659
42,031909
58,787923
52,258400
52,812575
44,684961
60,009958
59,857960
54,164562
76,731706
42,356006
55,292237
55,096644
41,186738
54,319133
53,587672
43,747355
58,271536
70,285473
65,033696
67,450668
60,718235
48,053646
81,266549
44,169789
52,296054
50,522273
46,140571
38,803814
52,195685
49,415741
31,028750
56,621968
73,458513
45,420060
68,023126
33,788713
42,518706
28,272877
47,841010
59,472279
72,933352
39,666423
63,064424
49,633253
61,699946
51,323214
53,015112
51,521726
54,862575
58,041558
36,003341
30,577255
53,689913
48,647772
43,349765
63,050102
63,222118
59,211566
67,540829
69,438620
40,186172
43,228784
49,427807
48,970731
66,926425
42,356006
44,080620
69,607410
28,166622
63,250819
69,930451
56,529090
37,494691
68,842515
51,397593
61,841098
63,870126
35,531500
47,605522
60,857800
57,947047
60,411985
63,365717
73,346892
53,192779
42,692733
42,649180
51,051137
38,064844
42,681842
53,383600
38,742703
33,992787
53,766684
71,702639
43,173871
47,382562
45,933901
53,002437
51,224159
55,396753
36,391729
29,730258
43,437899
47,640794
28,387614
37,246508
69,086631
74,516862
57,691064
30,396214
45,590891
33,946332
57,101320
36,313820
51,546578
57,812220
42,431878
39,594034
40,238406
27,486672
31,423167
32,636247
52,901118
47,464620
44,047214
43,703053
36,022692
59,472279
57,154757
39,387715
71,124013
62,379554
45,762171
53,997459
49,875720
55,566887
44,606296
62,365341
49,524413
62,907009
68,144079
43,769518
56,621968
36,177758
45,545293
47,136983
55,318353
36,304090
71,326936
55,018543
53,129278
38,519204
53,587672
60,537137
51,038793
48,278811
64,333775
40,071423
66,123251
58,217366
33,992787
39,459841
58,992644
71,373823
51,509304
64,858214
67,646124
55,135724
44,449256
43,448925
61,348060
51,720777
32,862711
52,333728
33,788713
30,465095
23,189103
37,844076
64,741412
52,497199
53,933285
61,039573
43,880449
46,037155
45,693606
62,978527
61,193679
48,445195
49,596955
35,140007
52,547570
50,681755
47,758497
27,946818
55,593095
36,459995
38,834394
45,773606
49,584859
67,450668
49,259064
59,088352
32,826404
76,649462
51,509304
44,774982
43,548243
46,776094
33,053780
50,743188
42,725419
53,485567
41,218614
54,512783
53,651556
47,499818
61,011583
25,967351
44,820041
52,762025
42,388511
43,969335
54,164562
37,355567
63,769019
63,365717
47,900009
61,798729
54,241809
51,509304
55,422904
55,527593
58,298634
62,053253
46,336356
55,934578
39,202669
38,175564
67,902324
73,938251
63,740151
59,582294
46,985406
77,507860
24,939597
58,706175
39,759630
62,907009
53,881984
50,302034
49,054706
68,098704
62,949913
54,706918
55,488318
34,347289
54,512783
34,422246
58,461410
30,611823
52,321168
54,422353
44,281428
49,210926
34,836539
43,448925
50,009431
41,133648
65,621056
38,044738
48,540452
51,596307
58,828827
39,832230
42,096590
50,632646
38,946666
39,038693
56,409834
46,221118
47,970875
54,332028
44,820041
53,881984
66,851769
69,945860
42,258594
41,388914
68,250038
49,283146
42,042685
53,574901
58,651720
59,927016
66,911489
33,622376
48,719411
42,965645
74,484633
83,167453
29,976668
71,498960
68,431953
81,902462
33,622376
48,635839
48,207627
59,499769
59,033649
23,411246
47,782062
53,549366
76,337505
42,834496
43,802776
48,779167
53,091203
55,606201
44,662475
32,419860
53,869165
34,281794
38,377446
48,815045
53,728289
74,452414
43,625600
65,238848
53,625996
44,180944
43,338757
41,795341
44,292603
42,801752
46,834170
43,140947
51,633626
52,434283
39,873757
45,045808
49,222958
50,977110
59,568535
42,042685
54,448179
28,510902
34,029983
34,760957
58,068581
35,502752
69,254816
51,795560
66,152876
36,440482
46,915563
60,746130
38,864992
66,093635
63,495153
56,277535
68,159209
33,263927
41,378256
62,194975
32,636247
30,932860
81,678632
38,014591
56,105872
61,067572
65,033696
41,709547
40,363962
49,887865
33,108512
50,253184
38,074901
46,938836
75,977418
43,097075
57,422470
56,688374
50,314252
54,100249
55,501408
52,686265
53,091203
46,025674
62,365341
47,770278
41,838284
28,725475
53,040467
73,155822
58,678943
41,133648
69,224215
41,452903
51,907877
51,957850
49,924313
44,516511
40,479294
49,054706
53,053148
58,910695
67,300590
48,695523
65,209512
52,597975
56,171852
60,120673
65,679998
41,527643
53,741085
44,058347
41,570394
39,100128
72,743046
47,242122
70,626251
52,648414
27,534861
57,596956
62,707063
46,521155
47,148657
42,258594
54,087392
53,792291
48,183915
51,162318
49,657463
39,356832
53,281769
63,236468
50,706322
29,789608
59,088352
61,954184
33,890644
36,061415
41,945777
65,886587
52,133023
30,629117
48,172062
43,802776
54,784707
61,081575
41,399574
40,985251
48,160211
41,123036
39,625047
39,439225
42,856335
47,359135
42,312693
46,602166
50,009431
69,132471
66,301142
50,179970
51,063482
65,415056
41,988828
45,454191
49,222958
43,382801
37,137670
47,253814
27,318468
47,078644
42,442725
55,842496
53,587672
50,681755
54,254691
33,539421
63,523942
41,591781
59,238972
70,208186
58,461410
71,420731
42,834496
60,148375
45,956832
53,971783
34,525497
54,010300
67,872148
55,750520
40,879482
50,485520
32,744815
65,048334
63,783456
44,639997
51,409997
69,117189
51,409997
57,691064
42,356006
46,590587
50,228771
58,163231
63,380090
44,876408
50,338694
47,055322
38,610527
36,294361
41,229244
51,199417
50,915478
34,874373
40,636935
56,927892
58,760665
31,493647
66,152876
52,421706
67,315587
46,671682
67,691286
35,493173
47,207058
55,161788
76,616582
38,712173
56,000417
43,086111
50,780073
47,020355
37,157442
64,290207
57,355459
41,538328
59,733799
69,961272
42,551298
34,450384
32,500889
39,563038
42,388511
45,922438
57,947047
55,253080
38,337010
41,388914
60,620673
52,799934
41,698832
50,644920
51,559007
52,020364
53,230904
51,261289
60,217667
33,511800
66,613265
31,918823
54,048837
35,694711
51,907877
43,515119
42,932832
64,362832
74,985293
39,305398
37,624199
40,144419
44,673717
28,011821
61,897623
50,743188
48,588129
43,680914
72,727203
52,585371
45,147662
47,947245
66,286305
63,812337
54,087392
63,236468
53,753883
51,670964
57,074614
65,121562
55,566887
43,537200
49,900013
70,890379
56,013591
53,409079
58,638112
29,208145
39,915315
34,151065
37,904197
52,560168
53,869165
55,895101
59,060996
56,105872
54,525710
44,080620
53,154672
52,296054
62,322719
60,356421
62,536037
65,797993
64,391898
48,683583
45,842256
38,732525
56,409834
32,735758
54,940520
54,164562
69,423290
23,117753
57,974039
50,829282
70,440228
45,865155
54,823631
62,464874
47,900009
58,339298
61,025577
36,528350
39,936104
43,592435
54,023143
43,714126
38,417911
75,830457
48,041815
77,491288
59,006310
46,741272
57,061265
57,355459
62,180792
64,464603
42,573036
40,795004
56,396594
59,954655
44,673717
23,490420
54,499858
56,887923
69,132471
45,068428
60,662472
62,024936
50,179970
40,071423
50,314252
33,199872
59,816553
34,300498
46,083098
47,113642
66,212154
62,322719
42,075022
36,930502
48,695523
48,838974
33,190728
55,318353
56,967881
50,436544
37,824050
51,162318
44,247916
54,357825
63,107404
64,159629
33,346410
58,217366
48,838974
62,749870
59,486023
35,035484
53,485567
34,085830
46,752877
63,639189
62,864125
53,002437
48,528537
78,959240
62,379554
50,228771
54,344925
68,903487
63,035783
33,163307
55,292237
61,897623
65,048334
45,079741
54,642152
40,227956
55,422904
50,510020
49,863577
38,834394
27,752431
57,007890
52,774659
40,752810
53,511081
45,568088
29,823558
37,564388
42,638296
42,540432
51,187048
51,970349
49,548585
51,199417
60,564974
54,113107
51,646070
32,835478
73,522350
69,899639
43,891553
49,102737
48,982721
41,123036
62,521800
61,123597
42,486131
40,953500
52,158081
47,664318
50,009431
57,007890
31,308871
43,980455
58,869751
61,053571
60,955630
66,613265
63,121735
67,917416
34,864912
55,921417
38,539485
54,074538
45,385948
40,668515
58,965319
56,119064
69,208919
39,915315
48,886857
64,683067
34,291145
46,985406
51,546578
28,109522
49,500249
45,385948
53,881984
33,779457
42,551298
58,285084
26,684178
28,461542
66,197331
63,265174
44,393264
55,947742
44,058347
59,637356
43,725200
48,421401
59,266386
35,627444
55,645535
54,396535
58,992644
62,821262
52,711510
45,226993
57,556657
51,995352
67,721406
47,758497
43,658782
46,810934
63,050102
45,796481
54,254691
41,591781
41,133648
29,645614
44,247916
53,460063
52,333728
56,145454
40,175731
25,007229
57,825693
53,421821
61,671743
32,663366
49,851436
66,836845
46,683276
68,964497
46,463350
58,556511
39,089884
31,476017
58,122654
30,629117
50,927800
66,717537
47,758497
42,823579
41,935019
57,128034
41,356945
46,232633
31,670324
57,021230
58,706175
62,209159
51,658516
63,552740
38,458406
61,039573
56,436320
51,845458
54,087392
34,300498
59,609821
55,619310
56,794739
33,383114
55,383681
52,258400
59,156782
42,965645
58,312187
66,064029
65,312227
59,376133
71,561587
61,025577
69,178332
49,271104
55,266130
77,441588
66,553733
57,570088
55,357543
44,583838
61,291890
45,602296
54,177431
59,788959
65,341595
53,434566
39,264284
50,816976
49,584859
63,682445
61,728158
61,798729
47,852806
34,959603
48,172062
53,958948
28,223802
59,389862
51,982850
52,837862
43,459952
49,972939
42,345175
29,985190
71,702639
72,474047
54,914530
55,462146
49,042703
38,407792
51,063482
48,148362
24,887081
43,108040
53,230904
41,538328
35,627444
61,123597
37,864109
49,790763
39,459841
71,248840
56,092683
49,367495
72,442447
35,569856
46,509590
52,686265
40,942920
59,170475
47,429440
50,436544
45,306422
49,754383
37,504642
62,678535
46,869041
46,428691
47,605522
45,533898
58,719794
36,645737
65,901361
47,078644
69,684228
64,450057
52,850509
64,261174
45,647935
50,816976
31,643779
54,499858
49,066710
51,125239
69,822653
68,614211
41,806074
66,762260
51,708321
29,359069
51,658516
37,009328
40,447817
64,304727
38,752884
56,277535
51,633626
41,059403
64,000288
43,404834
45,762171
27,938700
50,387602
59,307525
30,447865
47,230432
49,343385
34,883836
34,893300
28,932842
59,417325
62,294315
46,869041
25,721155
51,670964
75,830457
46,244150
48,635839
42,660065
52,070414
63,408842
50,915478
63,121735
45,102374
52,321168
58,434259
54,151695
69,438620
48,326309
69,040813
68,189476
39,687123
63,308250
42,475277
62,593009
46,787705
52,812575
62,379554
50,780073
38,702000
47,970875
58,393548
55,240032
43,725200
62,864125
40,784452
29,057757
54,681005
71,139608
75,439547
47,652555
57,194858
38,895606
62,393768
57,021230
40,395394
52,158081
35,656262
73,346892
59,706233
40,458308
72,363488
45,556689
59,720015
70,703863
53,256332
36,391729
47,888205
41,816809
49,030703
70,038366
36,323552
50,058115
62,379554
37,954349
45,045808
57,906576
66,702634
49,126764
30,310265
57,502956
43,459952
53,409079
59,348683
52,409132
74,855863
52,863158
43,448925
62,351132
37,078397
51,323214
49,609052
46,048638
55,331415
64,232149
61,137609
44,774982
39,243738
45,979772
52,283501
31,414365
60,927667
46,060122
59,307525
31,972247
62,764144
40,837228
66,479371
46,267189
38,145346
52,095451
48,838974
48,683583
43,691982
49,415741
45,739308
40,280228
45,351853
61,291890
51,372792
51,571439
40,008928
60,384199
54,966519
68,144079
42,096590
49,839297
50,546786
48,576207
60,065298
47,218744
45,272369
45,045808
47,558522
60,481492
54,344925
47,125312
50,045941
55,763653
34,779842
47,265508
54,758769
47,676083
58,651720
46,579010
68,250038
58,244446
59,609821
51,038793
34,253751
50,866210
49,355439
34,997529
48,874883
41,581087
34,225725
51,199417
44,494085
52,661029
56,303977
56,356888
61,869356
35,206635
40,521290
50,878524
42,878181
51,038793
61,235756
76,501580
46,267189
28,289248
58,747039
69,025545
47,230432
44,348506
41,956537
43,338757
51,808031
48,018160
28,766866
39,635388
70,765997
51,310825
69,992102
52,522380
52,409132
51,882903
32,645285
46,787705
65,562152
40,710647
48,886857
57,234978
51,982850
49,403676
51,199417
55,240032
38,074901
43,305745
49,645357
42,377674
61,587188
51,459634
48,982721
60,092981
47,793847
44,741209
63,610363
50,485520
60,176085
61,432383
41,176116
56,105872
67,060955
62,764144
50,143392
50,106832
48,468997
57,261736
50,021598
43,250763
42,410191
33,419847
41,581087
40,426842
43,647720
59,678675
42,021136
57,933555
44,292603
28,215628
63,193426
47,452891
37,454904
39,946502
33,484196
43,758435
67,240624
44,449256
56,635245
55,803064
61,756380
51,970349
37,335722
49,054706
38,064844
40,479294
50,216568
51,447221
47,829216
29,434732
56,026768
43,448925
53,766684
35,168551
54,538640
37,724033
48,445195
37,504642
47,405997
52,133023
39,079642
29,518960
68,781582
65,842279
62,707063
60,065298
53,180074
51,870419
63,797895
41,999595
66,702634
38,661327
75,212177
75,358287
51,447221
39,223200
27,111199
58,339298
70,254551
36,333287
64,420973
35,149520
43,991577
61,348060
57,128034
44,898969
33,364759
39,821853
42,834496
43,625600
67,135776
51,273670
55,318353
58,230905
74,855863
44,729956
73,618180
69,239514
28,395822
29,350670
39,977707
37,335722
39,604370
44,471666
62,464874
60,009958
45,057117
55,200900
49,875720
40,248859
43,404834
46,521155
58,842466
45,488339
52,208224
62,039093
49,006708
58,665331
50,485520
39,863373
45,910978
57,181488
64,043717
71,092830
42,150543
50,730897
40,384914
39,697475
44,080620
45,750739
34,534894
50,216568
39,449532
60,843833
38,916024
22,461374
60,899714
41,602478
27,310476
58,055068
33,502597
42,323518
25,484186
57,449290
28,957795
46,037155
40,437329
39,243738
54,138830
65,224179
61,376159
55,593095
65,990054
18,498562
54,512783
50,131203
40,343017
52,585371
52,724136
57,852645
54,448179
45,647935
65,121562
46,094588
71,436372
31,581900
33,429034
68,599010
65,916137
54,319133
68,401610
47,172011
31,142339
64,508254
63,870126
47,511555
52,133023
28,916215
53,997459
51,596307
51,758159
39,284837
49,476094
51,783091
60,676409
52,133023
63,899035
56,834662
49,102737
38,145346
63,351347
40,050584
51,670964
38,095019
49,633253
54,655101
58,856108
18,676706
55,514499
71,781087
55,083622
36,724140
43,847149
49,488170
50,780073
63,523942
49,657463
40,133985
67,315587
64,275689
51,546578
54,344925
34,384753
41,165496
39,243738
64,333775
53,715495
49,090726
67,060955
61,601275
54,745803
62,138259
49,609052
46,428691
48,457095
63,624775
48,089149
57,920064
51,236534
43,924876
62,053253
61,530864
53,370863
66,434782
53,856347
44,505297
47,125312
49,778634
25,362468
42,747219
48,623909
32,285124
58,001040
28,733750
64,116145
58,474990
53,549366
41,484923
58,651720
33,983492
60,718235
43,847149
72,489851
30,327442
70,084652
66,881625
56,981215
41,378256
50,583571
47,652555
47,113642
33,585489
57,288503
36,362500
47,218744
47,852806
44,651235
39,511416
62,351132
37,724033
65,857046
38,987548
55,960907
57,502956
65,606327
71,985335
28,758584
52,825217
32,150776
43,891553
61,982478
62,464874
64,683067
68,842515
39,325966
45,796481
46,555862
45,431435
57,395659
51,982850
42,987531
54,719877
66,182510
44,426853
60,384199
33,484196
35,560264
49,742261
47,511555
56,648524
62,806979
54,642152
45,853705
35,974329
53,792291
66,301142
28,003690
59,623587
45,636522
51,472048
21,572165
64,887438
64,304727
52,964426
51,347999
65,886587
54,512783
60,955630
61,982478
55,318353
57,221603
54,693960
55,829350
56,954549
31,555406
52,964426
55,645535
53,040467
45,933901
43,239773
63,093075
53,600444
35,868088
40,521290
44,673717
69,791875
37,395280
59,899387
47,207058
53,256332
66,971247
47,982694
34,029983
39,100128
45,045808
48,290683
39,738905
62,039093
66,568613
68,949241
46,915563
59,499769
32,690500
52,032874
64,493701
77,110834
75,325801
48,886857
59,899387
36,792838
27,671712
43,261756
41,549015
42,118165
45,945366
71,922445
57,623833
46,060122
40,900620
60,578895
59,871767
55,737389
67,887235
40,921767
46,278712
24,373473
54,564505
35,810231
49,283146
48,207627
44,583838
46,962117
55,671768
66,613265
62,849835
56,489318
56,079495
50,915478
68,310639
48,862912
46,290237
41,806074
63,567142
35,359255
35,713946
58,869751
76,140944
40,942920
50,497769
49,464019
70,921499
61,573104
49,802893
57,960542
44,102901
29,781124
58,610903
36,274909
49,451946
38,509067
37,784021
53,830718
31,555406
72,885743
39,130871
49,681680
46,962117
40,510788
51,038793
38,702000
48,433297
48,767212
47,488083
36,645737
38,185640
66,911489
41,806074
42,976587
50,755481
61,474576
30,327442
34,160391
65,694739
49,815026
41,591781
63,380090
60,718235
78,674134
52,736763
37,614226
57,034573
40,008928
44,091759
46,290237
59,431060
65,165527
44,989292
42,312693
39,408313
53,625996
72,790589
32,356935
53,434566
39,089884
70,455716
28,775149
70,952628
47,452891
40,144419
51,708321
61,869356
50,375372
65,312227
42,758121
60,023790
30,327442
54,409443
40,384914
49,138781
75,602252
60,760081
54,901538
46,544291
45,023195
34,506708
63,093075
62,138259
44,820041
44,382071
43,217798
46,025674
42,356006
33,447415
34,431623
47,008704
38,205799
47,429440
55,253080
44,617527
49,693792
58,257990
52,964426
64,087167
40,710647
38,468535
39,480466
40,343017
63,711294
41,017019
51,409997
53,498323
49,066710
66,836845
24,529011
31,696885
59,280097
37,664111
45,397317
34,516102
30,924152
51,695866
54,512783
46,232633
36,177758
37,088271
61,474576
54,862575
40,721185
44,516511
55,934578
44,527727
68,310639
57,328670
32,654325
32,636247
44,494085
49,827161
62,109914
45,454191
31,116100
70,471207
65,165527
59,913201
53,269049
63,899035
46,267189
36,255464
44,147485
41,613176
55,475231
43,758435
55,816206
69,040813
51,026452
42,769026
57,114676
51,286053
42,312693
37,276229
54,125967
40,280228
63,408842
29,959629
69,071356
58,828827
51,720777
47,734940
57,154757
41,154878
49,355439
49,657463
49,210926
61,067572
67,300590
56,237887
54,422353
63,480762
52,673646
37,754019
70,812622
50,240976
47,288903
67,947607
48,886857
31,212383
33,825754
63,222118
70,533196
32,672409
64,391898
74,468522
60,065298
28,626303
74,872033
32,464859
59,706233
63,610363
68,038237
75,179735
39,398013
54,823631
70,626251
36,119554
44,270255
31,238677
42,301869
45,215654
53,946115
45,102374
59,074673
45,431435
53,984620
52,245853
47,935433
74,066555
32,781059
63,495153
55,553787
45,945366
32,853632
48,361953
28,519134
37,365493
71,264454
37,874128
47,593769
51,658516
25,286597
55,018543
55,161788
48,278811
56,436320
83,691314
34,855453
46,718067
46,857415
49,150800
45,888063
61,784610
67,330587
42,507846
66,138062
45,785043
65,635788
67,375600
72,553091
38,916024
31,291312
55,161788
58,801555
41,165496
35,974329
57,342064
30,070502
38,620683
66,643045
51,100530
42,377674
53,103893
46,752877
59,074673
68,857755
40,113123
35,974329
36,450238
32,455856
56,768135
41,806074
41,795341
69,010279
58,869751
52,623190
49,960780
31,990069
51,335605
54,642152
41,881258
61,263818
29,116177
55,960907
28,991089
70,069221
45,522505
67,390609
49,718023
60,634604
64,493701
42,605658
37,684077
53,218194
54,100249
64,522809
56,515831
55,711134
31,812159
51,199417
31,229911
34,085830
29,917061
40,416357
46,625330
69,407962
62,436425
45,739308
75,797826
47,429440
42,540432
35,216160
73,810105
52,270949
41,730984
54,241809
54,254691
58,638112
48,445195
32,690500
49,078717
66,004844
48,124671
74,855863
72,284590
48,707466
54,590379
45,147662
56,635245
49,078717
47,417717
36,861626
38,044738
55,750520
52,736763
78,156117
41,827546
58,665331
57,034573
51,310825
50,326472
68,477486
47,959059
67,766604
58,109132
51,646070
45,454191
50,119017
42,670953
57,288503
41,623876
59,637356
51,758159
51,174682
47,160333
57,650719
40,900620
46,244150
49,150800
68,083584
85,401180
62,707063
36,362500
38,337010
65,282868
54,190302
36,469755
64,058198
74,323637
44,550165
47,900009
53,498323
36,100167
39,367124
50,326472
34,563096
56,967881
34,132417
55,148755
62,322719
39,038693
42,976587
47,382562
51,521726
58,163231
57,960542
56,927892
41,967298
37,754019
32,980902
54,771737
46,706468
39,408313
53,230904
56,914567
62,053253
48,683583
57,208229
54,422353
52,837862
51,397593
50,485520
52,321168
66,762260
46,915563
42,193740
45,968301
60,899714
65,429755
59,720015
64,975165
73,267237
57,128034
78,056135
57,960542
33,576272
39,254010
55,266130
40,995838
42,410191
42,431878
38,651163
42,301869
36,861626
49,924313
38,834394
48,207627
64,989794
58,747039
56,847974
41,091211
47,230432
50,399835
67,135776
54,293350
48,255075
60,760081
55,671768
50,559045
55,593095
49,851436
57,154757
38,266319
36,061415
43,239773
53,269049
62,536037
40,932343
57,007890
43,108040
42,562166
28,338402
38,926236
61,615364
42,605658
55,514499
46,787705
53,920457
54,642152
63,365717
48,160211
54,706918
37,544465
61,081575
62,109914
53,421821
37,315883
35,541087
56,039946
66,019637
54,177431
45,465571
76,042798
50,094650
44,572612
48,707466
53,689913
72,395064
48,767212
48,576207
35,159035
53,027788
46,892298
57,181488
71,280071
45,192982
53,370863
68,872996
43,813867
49,633253
66,911489
69,899639
45,238334
54,280461
51,014114
51,521726
67,917416
40,974665
60,997591
68,492668
44,550165
44,382071
44,091759
60,356421
44,910252
44,774982
41,752429
71,248840
70,688336
38,135276
51,447221
60,037624
43,515119
66,494239
44,831310
47,370847
49,560675
60,648537
41,399574
35,887389
51,521726
58,529328
68,128952
42,998476
31,696885
39,780364
54,525710
46,950475
43,947102
49,210926
49,054706
57,556657
50,119017
51,571439
55,895101
59,678675
34,011381
60,913689
45,842256
38,337010
44,326139
53,920457
43,228784
44,696206
37,554425
32,410866
53,523840
63,740151
36,245745
31,555406
39,315681
51,100530
60,551054
64,945913
40,123553
45,385948
49,900013
52,534974
63,855676
78,841754
37,554425
58,312187
70,548699
35,016503
57,744889
47,429440
35,168551
56,994551
48,231347
50,718608
39,542384
40,521290
33,585489
70,999340
38,987548
40,405874
55,540689
50,436544
53,549366
65,694739
55,174823
60,023790
55,161788
63,985817
56,198260
42,856335
41,495600
48,707466
55,829350
56,436320
47,535034
65,488575
38,722348
48,480901
35,111480
41,935019
40,837228
52,208224
48,994714
52,158081
23,339429
72,064001
32,871793
53,741085
51,347999
63,179083
45,431435
41,730984
34,225725
55,475231
43,537200
51,596307
53,753883
40,584341
37,058654
43,680914
41,271780
23,663799
33,631602
53,485567
35,608241
52,258400
34,244407
47,288903
53,307214
51,571439
41,431565
44,292603
51,995352
31,821038
55,553787
60,398091
53,141974
49,742261
56,967881
46,014196
47,183691
44,013826
44,910252
52,183148
46,198095
47,230432
39,048927
37,435022
44,314958
34,516102
60,983602
61,982478
49,066710
55,370611
47,864604
51,920367
48,862912
41,988828
60,606745
35,771696
46,486466
64,799794
66,732442
34,002083
34,827085
54,836610
47,218744
68,781582
40,594856
36,538122
57,128034
54,499858
53,116584
65,886587
37,824050
61,798729
22,545343
65,415056
65,591600
37,614226
46,997054
66,821923
20,092173
56,621968
61,573104
45,613703
51,795560
47,113642
60,983602
42,107377
37,524550
24,879585
39,377419
43,382801
38,044738
68,159209
40,405874
40,953500
53,498323
57,785281
54,745803
50,964779
61,798729
56,635245
26,818108
53,192779
38,864992
44,651235
59,996129
60,787989
53,154672
50,338694
33,585489
31,901028
60,606745
60,106826
51,895389
43,902659
55,816206
42,053462
52,308610
58,719794
46,440242
63,351347
40,657986
59,982302
56,621968
53,154672
49,283146
43,780602
48,659707
36,206884
55,658650
51,051137
33,328068
55,671768
48,148362
78,908874
47,148657
56,462815
49,960780
48,255075
46,602166
57,315279
61,812850
63,653605
67,872148
54,538640
56,754836
59,706233
41,006428
57,771815
55,109669
63,797895
42,021136
73,714098
48,183915
76,879902
36,236027
69,316046
38,054790
61,869356
40,092269
54,228929
58,217366
39,842609
33,872095
44,898969
67,210656
42,204545
39,274559
53,702703
39,697475
44,898969
53,728289
52,270949
40,563316
63,956880
35,054472
39,542384
48,815045
39,904922
36,032370
35,464447
61,770494
40,154854
55,318353
41,881258
69,822653
45,034501
54,784707
58,638112
66,941364
61,474576
34,422246
44,831310
33,705473
53,472814
49,609052
36,596794
42,204545
47,370847
73,650143
38,691829
39,008000
71,311312
61,277853
38,824199
51,882903
33,686995
51,745696
67,676230
35,723567
62,635762
47,734940
59,197867
64,159629
39,604370
47,452891
42,280228
48,077312
44,944114
51,075829
43,769518
50,952451
42,128956
32,437855
47,711391
62,336924
55,776788
46,290237
57,744889
48,659707
54,745803
58,570106
39,759630
61,095580
65,945697
46,532722
64,246660
70,100085
43,559288
63,293889
47,008704
35,483596
60,314771
58,055068
46,521155
36,459995
74,904380
40,710647
63,956880
51,447221
43,097075
47,758497
46,892298
37,058654
35,954996
59,348683
49,102737
63,812337
54,151695
57,637275
55,540689
65,459160
27,334457
36,832134
50,620374
57,034573
69,285426
33,484196
61,305929
57,556657
58,706175
30,603178
43,426876
47,207058
63,408842
41,218614
29,687915
57,664165
57,839168
25,682832
42,323518
42,649180
47,523294
56,290755
50,940124
49,572766
65,092264
42,976587
42,845414
47,359135
69,622769
51,845458
57,315279
61,362108
50,058115
66,971247
66,375363
33,474998
76,501580
49,259064
37,078397
55,579990
52,913775
41,613176
43,283746
57,543228
43,891553
57,798750
52,497199
59,197867
61,629455
55,514499
46,014196
41,399574
55,711134
46,071609
52,032874
48,779167
64,785195
61,883488
46,359428
44,865131
49,548585
65,503286
41,666697
42,900036
55,305294
38,824199
24,454861
41,602478
48,373839
50,989442
60,231532
41,892007
72,363488
42,987531
44,516511
60,342535
30,490953
66,271470
55,842496
59,596056
30,655071
37,335722
27,817123
75,050067
21,879570
53,920457
56,821352
43,736277
46,417142
53,319939
34,845995
46,845792
40,311614
37,127786
37,335722
39,583700
53,843532
43,780602
43,272750
40,384914
36,891133
66,553733
52,183148
53,958948
62,992837
46,152072
61,376159
50,289818
49,742261
60,481492
41,677406
32,177614
32,383893
28,642815
41,356945
48,707466
37,019190
81,112399
36,090476
44,718704
45,511114
50,228771
46,857415
50,070291
41,538328
51,770624
38,498931
30,637767
59,417325
69,761107
38,854791
34,666640
41,420900
55,292237
40,584341
53,677125
55,435982
43,802776
34,978563
37,784021
59,554777
45,340492
46,244150
28,750305
81,919698
28,642815
31,590735
23,634842
42,551298
33,090261
48,838974
49,030703
67,887235
42,042685
55,803064
40,479294
56,661805
46,636915
43,747355
41,795341
24,299645
48,243210
58,801555
47,090308
52,724136
54,668052
50,964779
55,763653
28,725475
52,409132
61,685843
49,403676
66,019637
59,568535
49,415741
42,334345
39,687123
30,258777
44,136336
43,980455
61,053571
35,225687
37,009328
48,588129
71,828184
53,830718
51,434811
50,890840
44,471666
48,683583
52,509789
55,684888
71,030494
53,040467
70,672811
67,706345
32,007898
33,429034
49,730141
59,006310
58,556511
45,602296
36,518580
57,839168
69,208919
62,124085
53,447313
47,429440
39,583700
54,486935
54,010300
51,310825
57,154757
70,486701
58,610903
43,714126
72,410856
54,010300
53,689913
48,815045
66,330824
59,307525
45,454191
56,026768
60,634604
47,947245
55,514499
38,895606
26,464592
42,605658
49,319283
32,971800
44,382071
48,576207
31,758920
38,397675
36,450238
29,823558
55,606201
48,635839
48,743308
58,583703
50,119017
65,356283
51,870419
51,920367
59,115718
51,509304
43,570335
56,185055
32,079282
58,298634
48,982721
52,560168
35,627444
42,161340
35,646654
50,473273
37,355567
46,880668
40,763356
48,815045
46,567435
66,049229
49,633253
55,763653
61,925899
36,783018
53,728289
40,384914
49,596955
54,164562
18,443511
52,459443
31,608409
46,764484
56,277535
32,186564
43,758435
46,498027
81,180884
51,001777
57,650719
49,802893
49,802893
39,852990
39,656076
54,629206
34,506708
56,555616
46,962117
61,123597
67,555864
51,907877
42,486131
42,736318
30,181657
60,676409
49,259064
51,088178
43,824959
43,382801
37,884149
59,225268
41,165496
55,789925
84,516737
36,100167
35,282887
38,054790
44,370881
43,119007
80,056113
44,080620
35,569856
44,013826
44,036083
69,224215
74,227157
63,581547
56,821352
62,735599
33,273085
58,638112
57,664165
60,287016
47,664318
46,278712
50,644920
37,784021
38,458406
43,404834
40,647460
43,658782
64,653908
56,994551
41,261143
56,198260
58,244446
47,935433
57,960542
48,243210
65,341595
29,074440
45,249677
43,869347
51,496883
56,927892
54,100249
48,053646
28,667596
47,207058
58,244446
42,583908
62,010781
46,244150
32,908134
66,241808
59,816553
45,910978
45,079741
34,412870
43,515119
69,761107
41,452903
52,283501
30,207348
52,020364
49,560675
45,272369
48,683583
40,816112
36,236027
39,233468
42,356006
77,358806
56,582150
76,059150
36,372241
59,458537
38,397675
43,703053
44,147485
27,055581
66,064029
58,719794
49,572766
35,685096
41,101817
34,225725
66,390215
56,013591
75,520868
56,635245
35,435737
47,008704
46,175079
54,577441
62,365341
50,816976
58,869751
44,147485
57,261736
31,396766
60,899714
43,902659
62,450648
46,927198
9,508102
58,965319
46,417142
54,706918
67,600984
52,787296
42,910966
52,057898
59,334961
41,956537
50,033768
24,469678
59,816553
50,204367
36,440482
27,366454
48,278811
48,077312
58,001040
39,161630
44,966699
34,600724
61,179658
48,409508
36,733948
58,897045
51,236534
54,836610
50,903158
32,935409
52,233308
40,953500
68,796811
34,356652
61,446445
54,074538
35,244747
52,572768
57,758351
35,694711
49,548585
48,659707
74,726591
47,699620
36,861626
44,820041
43,184850
40,301150
57,960542
41,250508
52,107973
46,117576
58,624507
46,927198
47,429440
50,657196
41,410236
29,696380
48,528537
45,647935
41,913509
46,405595
46,359428
48,089149
52,964426
39,625047
38,296604
70,115521
42,998476
69,545998
44,718704
51,051137
50,131203
39,305398
58,082096
46,117576
46,509590
68,812044
26,692044
57,248356
63,668024
34,095144
42,107377
43,813867
42,801752
38,885399
75,407035
57,422470
70,999340
43,437899
54,100249
30,785069
57,208229
56,768135
37,694063
50,915478
36,900973
35,493173
61,418324
55,934578
50,620374
45,102374
68,431953
33,392295
56,515831
47,923623
51,323214
43,747355
43,714126
42,042685
34,179049
55,514499
58,787923
45,556689
38,397675
43,239773
45,773606
48,361953
34,197714
60,037624
58,420686
49,042703
51,038793
39,470153
69,791875
43,991577
41,978062
43,360775
32,744815
49,331333
39,946502
53,805098
43,283746
65,591600
32,195516
48,089149
65,606327
49,391614
51,770624
44,595066
63,050102
31,072404
61,151623
33,145035
44,147485
52,534974
52,070414
57,691064
56,436320
60,829869
66,271470
61,502715
40,816112
50,155583
35,800595
58,203829
43,404834
30,456479
49,126764
62,521800
45,385948
60,760081
41,591781
33,135902
60,162229
47,782062
37,714041
49,621152
63,351347
54,616261
53,434566
66,851769
62,365341
66,792087
67,480713
54,888548
22,855064
44,382071
47,242122
31,590735
52,158081
63,552740
45,807922
53,766684
35,340152
50,989442
74,549101
43,338757
29,091130
54,113107
45,192982
55,488318
62,678535
56,303977
44,595066
78,139447
75,423290
56,211467
76,468745
56,688374
32,753873
46,973761
66,108442
48,445195
47,335716
28,758584
52,939096
27,583108
62,921308
31,370379
62,892712
32,654325
38,702000
66,777172
49,875720
28,907904
59,047321
45,000591
59,913201
69,761107
49,997265
43,108040
50,399835
57,556657
55,187860
24,789752
41,282419
50,265393
41,806074
68,068466
58,312187
52,045385
53,319939
35,111480
42,594782
38,864992
36,071100
63,222118
42,021136
31,564236
40,995838
49,295189
58,055068
45,545293
32,681453
44,069483
48,719411
39,666423
32,365919
30,915447
44,326139
42,226159
49,572766
47,593769
31,555406
48,707466
64,508254
38,175564
52,358854
63,913493
32,935409
42,410191
46,336356
47,805635
65,975266
67,165721
50,718608
27,438542
52,409132
40,405874
48,231347
40,689577
41,038207
49,355439
51,907877
54,681005
39,956902
45,454191
78,690884
38,763066
62,678535
37,624199
31,812159
39,233468
58,624507
34,713776
43,991577
62,265921
43,097075
57,825693
53,180074
46,764484
45,215654
50,058115
45,091056
43,261756
46,428691
58,583703
34,647798
32,999111
33,557843
48,659707
57,852645
46,221118
45,340492
33,218165
57,556657
30,906743
60,245400
45,385948
41,666697
63,050102
50,816976
55,044568
71,280071
33,484196
59,252678
30,689700
39,059164
63,336979
78,824981
63,696868
54,125967
35,598642
55,566887
28,142141
52,686265
66,330824
35,810231
57,168122
72,111230
59,871767
68,386443
74,146826
45,329133
49,198897
60,481492
50,473273
52,409132
44,080620
50,927800
62,280117
46,417142
39,449532
68,401610
33,154170
35,694711
37,415147
53,256332
49,997265
40,773903
45,283718
53,243617
43,769518
59,280097
50,094650
50,964779
36,013016
47,829216
50,792372
63,279530
46,394050
53,817907
66,405068
43,075150
51,063482
55,031555
42,323518
43,206813
50,094650
44,426853
44,449256
40,019339
49,186870
64,014762
35,082968
61,601275
48,006336
25,514678
53,498323
39,120621
35,025993
45,068428
41,027612
57,731430
57,074614
45,693606
52,497199
43,031325
25,591017
59,266386
67,887235
36,177758
35,541087
39,141122
63,769019
46,244150
82,282243
44,786244
78,272876
29,535826
51,870419
49,403676
53,141974
65,916137
51,608745
71,124013
62,964219
43,151920
49,560675
49,500249
37,048785
34,244407
30,422032
45,533898
61,544941
44,158636
69,961272
37,494691
42,118165
28,281062
41,123036
51,559007
24,999708
31,467204
32,410866
74,920558
48,934773
40,123553
55,409827
38,752884
63,841227
48,755259
60,231532
47,876403
42,193740
54,486935
43,736277
34,959603
44,662475
46,451795
77,110834
34,235065
53,958948
24,573575
59,019978
60,927667
49,960780
62,053253
47,043665
58,801555
50,915478
58,068581
29,662529
41,559704
46,152072
53,434566
65,532714
66,717537
47,370847
35,560264
40,710647
39,563038
50,448785
62,907009
53,472814
37,325802
61,798729
42,150543
45,876608
64,756004
53,638775
59,568535
45,785043
52,597975
41,709547
50,559045
68,008017
59,913201
59,047321
27,438542
49,295189
68,053350
42,236969
69,071356
53,396338
63,682445
47,793847
44,359692
57,449290
62,493333
51,583872
45,136337
55,279183
33,872095
47,324010
32,240298
51,075829
59,170475
37,744022
55,057584
52,158081
70,378297
58,014544
50,608104
39,243738
40,040167
43,980455
39,728544
39,604370
62,935609
48,266942
69,193624
44,786244
30,439252
35,407042
40,113123
44,673717
60,913689
40,489790
41,442233
59,115718
67,450668
39,048927
70,921499
38,115144
46,660091
59,830353
49,790763
39,542384
49,730141
46,083098
70,007521
60,398091
62,010781
44,359692
52,434283
39,759630
66,479371
54,771737
53,154672
40,259313
62,209159
34,931177
66,049229
46,382507
66,687733
45,226993
32,582057
50,620374
48,006336
51,051137
37,315883
51,882903
54,306241
59,568535
65,576875
62,180792
39,656076
50,033768
48,898833
52,308610
60,523222
52,283501
57,342064
48,207627
41,559704
57,771815
53,091203
47,876403
36,177758
53,625996
56,039946
42,900036
40,510788
50,106832
49,766508
42,421034
33,844285
42,834496
34,676064
55,488318
42,790842
49,367495
37,365493
35,397481
51,521726
53,370863
44,898969
35,454875
20,092173
54,422353
38,014591
47,055322
45,716453
66,732442
32,437855
45,865155
57,920064
47,876403
50,412069
62,564519
42,182938
41,038207
64,420973
38,905814
50,204367
71,030494
67,300590
34,864912
53,894806
71,202012
48,958743
48,540452
62,464874
67,315587
42,247781
39,439225
45,945366
63,956880
48,767212
44,158636
56,264317
66,747350
57,516378
61,714051
56,967881
54,061686
46,486466
43,404834
59,816553
56,224676
32,070353
61,784610
47,312305
46,152072
56,053127
51,347999
49,560675
49,863577
51,982850
31,273760
33,163307
47,172011
49,403676
54,422353
72,632196
58,801555
75,602252
45,215654
49,307235
46,741272
34,394124
41,741706
40,647460
32,079282
62,935609
60,051460
53,332667
53,065831
45,272369
58,379982
50,915478
42,670953
58,787923
51,335605
75,602252
34,188381
41,282419
48,053646
23,461608
40,458308
42,725419
38,681660
26,968340
38,916024
36,940349
73,954281
64,653908
63,812337
39,967303
44,684961
58,897045
36,871460
70,548699
65,842279
57,637275
59,844155
53,027788
50,534528
58,719794
45,796481
62,010781
51,372792
50,829282
37,674093
38,814006
60,245400
42,812665
39,594034
50,940124
36,733948
50,094650
53,230904
73,970313
47,101974
64,450057
40,468800
56,941220
54,190302
74,581350
38,195719
47,066982
34,902767
63,021465
55,383681
48,958743
45,876608
56,582150
44,955406
31,528928
52,863158
44,673717
51,014114
35,368809
53,409079
51,820505
55,711134
54,538640
35,550675
42,529568
49,948622
49,307235
38,834394
52,032874
55,829350
62,280117
43,891553
46,834170
39,946502
60,843833
60,092981
49,742261
52,296054
34,281794
68,340953
33,659291
53,689913
55,593095
32,726703
32,690500
54,706918
33,807230
47,947245
42,507846
55,383681
61,249786
46,106081
40,742267
42,475277
47,218744
55,213942
51,583872
39,811478
70,657289
50,743188
39,759630
79,093660
48,934773
35,311512
60,801947
46,590587
45,807922
45,442812
54,966519
54,862575
61,334014
45,968301
58,068581
54,603319
59,927016
55,122695
54,151695
55,488318
79,396701
34,912235
51,088178
41,892007
58,856108
51,434811
27,914355
50,009431
36,635944
39,018229
59,362407
68,918736
40,019339
64,058198
50,363144
47,900009
51,187048
52,107973
69,853440
49,851436
51,534151
35,244747
54,953519
34,704346
58,447834
58,393548
55,987245
49,403676
66,419924
38,266319
75,634823
58,801555
36,294361
33,816491
47,394278
48,934773
64,029239
56,675089
42,128956
41,581087
29,510530
44,326139
48,958743
71,092830
57,395659
33,199872
35,608241
38,225965
61,488644
71,953885
52,296054
58,298634
54,875560
53,817907
55,921417
45,545293
66,049229
44,955406
46,950475
46,880668
81,198012
44,069483
57,543228
43,913767
36,343023
41,495600
54,461096
18,303332
33,844285
43,360775
58,420686
51,832980
55,422904
35,244747
38,105080
47,793847
43,119007
55,396753
59,088352
47,711391
45,295069
25,767194
65,370972
29,544261
40,921767
50,964779
44,662475
70,053793
30,044890
47,852806
54,422353
72,901610
53,613219
49,718023
40,113123
62,436425
55,005534
70,177288
39,676772
29,747206
50,350918
38,936450
28,527368
38,004546
38,580069
26,503712
54,538640
35,101974
61,601275
54,357825
45,363216
81,575472
45,693606
48,302556
47,405997
39,821853
41,892007
51,273670
55,279183
57,061265
52,711510
32,663366
57,328670
42,280228
54,228929
63,007150
49,464019
38,225965
54,823631
44,583838
56,476065
51,211787
35,637048
65,459160
43,958218
66,687733
64,960538
40,384914
31,652626
38,054790
64,450057
44,786244
57,047918
31,732323
53,345397
35,120987
52,283501
46,810934
55,698010
62,978527
25,188198
45,819365
59,596056
60,648537
53,766684
47,078644
58,203829
38,185640
43,349765
55,018543
39,967303
48,077312
80,651195
40,133985
59,238972
38,387559
58,244446
30,370412
42,932832
41,645283
58,515740
57,798750
46,544291
62,280117
52,560168
56,158652
69,316046
34,029983
49,560675
48,219486
41,591781
45,956832
47,546777
40,133985
37,834062
37,684077
57,435879
43,725200
58,651720
61,109587
38,115144
40,238406
55,305294
34,207049
53,792291
34,188381
64,960538
48,231347
54,810655
50,021598
26,865487
53,651556
34,039286
59,431060
53,997459
67,932510
54,100249
59,102034
61,516788
38,773250
66,747350
63,107404
58,366419
52,145551
52,020364
63,610363
52,711510
51,882903
56,237887
17,213630
26,215161
50,657196
45,807922
63,150405
68,386443
55,724260
46,938836
50,204367
35,416605
52,270949
53,549366
68,827278
46,486466
32,473864
75,683698
72,790589
44,136336
37,167331
57,502956
66,405068
48,707466
51,026452
50,866210
47,947245
56,145454
53,715495
44,471666
67,285595
55,921417
43,261756
61,291890
29,696380
43,647720
26,873390
28,428669
44,989292
62,393768
41,838284
34,076518
55,606201
46,382507
49,912162
27,728199
67,661176
49,018704
52,158081
54,177431
43,482013
40,175731
28,766866
51,621184
57,409063
39,018229
63,408842
42,366839
45,910978
40,489790
62,109914
38,306703
63,437603
42,649180
54,836610
54,306241
46,025674
43,338757
59,609821
39,552710
46,451795
58,883397
37,157442
35,187589
75,569691
32,880875
60,328652
54,241809
30,465095
37,534507
53,805098
48,994714
66,375363
63,279530
57,087966
57,516378
43,991577
43,614543
57,893090
40,081845
39,367124
56,701662
74,227157
44,876408
48,683583
49,924313
46,706468
58,583703
58,706175
41,070003
49,403676
57,920064
59,334961
55,266130
42,096590
49,948622
43,802776
37,286140
66,138062
60,732181
54,061686
46,822551
56,861288
45,431435
52,698887
52,195685
49,548585
59,871767
56,754836
44,460460
58,434259
34,356652
65,253519
54,681005
56,396594
47,593769
72,663855
53,180074
65,326910
50,033768
40,186172
61,756380
47,370847
36,401476
45,226993
35,742813
41,538328
34,534894
34,067207
54,267575
63,394464
36,960048
62,949913
49,669571
59,238972
51,583872
37,137670
29,510530
50,399835
59,156782
43,504082
58,951660
51,708321
59,115718
53,116584
46,129072
62,407985
31,990069
57,610393
65,106912
50,192167
51,100530
39,884144
42,312693
66,004844
59,472279
39,377419
67,691286
41,506279
39,604370
67,781674
52,321168
60,314771
61,685843
65,960480
47,511555
59,225268
69,899639
67,661176
53,396338
31,476017
63,985817
68,995016
49,790763
54,810655
40,175731
64,420973
62,792699
48,112828
31,291312
37,444962
48,791125
59,047321
51,633626
64,551926
51,199417
59,651127
53,345397
58,041558
50,743188
51,646070
29,401087
48,255075
41,197361
36,206884
49,307235
40,500288
52,472026
61,123597
46,532722
46,382507
31,954432
71,812483
41,698832
31,803281
43,250763
50,952451
51,646070
48,338188
61,643549
54,512783
73,666128
61,671743
28,692391
51,770624
50,878524
69,285426
49,488170
50,021598
60,983602
44,538945
50,033768
47,994514
66,747350
57,114676
52,623190
39,884144
34,836539
48,647772
44,482875
37,924252
51,434811
46,962117
46,509590
55,947742
55,987245
37,724033
37,564388
26,511541
41,133648
32,088213
64,145132
58,163231
38,742703
59,871767
78,406467
41,303703
30,759039
45,716453
55,161788
45,272369
33,346410
52,409132
50,853899
60,495400
55,161788
69,147756
51,286053
66,093635
45,158989
53,409079
51,298438
41,165496
28,916215
25,805603
57,502956
84,270264
45,682185
32,446854
75,050067
33,521005
41,816809
38,946666
40,626413
54,551571
46,787705
50,228771
56,502573
60,523222
63,769019
53,689913
49,985101
47,394278
64,581052
55,632422
44,550165
36,547896
46,648502
72,474047
41,698832
60,606745
61,446445
49,851436
45,556689
48,994714
70,239094
46,060122
61,404266
78,690884
57,556657
45,625111
59,927016
59,623587
44,471666
57,570088
58,787923
41,902757
63,193426
43,958218
45,625111
44,651235
55,083622
47,008704
45,602296
45,465571
30,880642
62,764144
65,165527
53,154672
45,636522
53,040467
58,828827
77,160383
53,370863
52,497199
52,635801
70,626251
56,568882
73,842127
59,238972
48,516625
38,044738
54,074538
62,251727
47,605522
54,370726
42,747219
59,293809
46,382507
50,853899
51,995352
49,138781
67,315587
34,921705
30,837174
81,971420
73,028638
51,982850
40,081845
57,543228
28,445102
68,023126
42,823579
31,502465
34,291145
36,528350
76,435920
38,600373
59,143092
56,185055
71,389456
61,855226
43,791688
56,224676
62,450648
65,488575
35,704328
45,865155
29,679451
49,669571
33,117640
26,176334
44,359692
59,431060
63,783456
55,475231
62,735599
58,014544
62,792699
40,500288
58,325741
60,092981
57,812220
70,797078
40,668515
46,359428
59,582294
47,617277
31,221146
61,911760
47,511555
51,945354
39,801105
59,362407
44,180944
45,329133
33,576272
55,409827
50,583571
63,423221
58,597302
59,431060
59,129404
32,195516
48,588129
65,812753
62,166612
51,323214
68,842515
48,468997
41,356945
40,742267
44,203260
37,944315
58,965319
47,829216
43,824959
63,480762
57,021230
28,585052
33,650059
61,869356
65,326910
63,093075
46,509590
65,871816
73,490427
51,621184
63,308250
42,291047
59,733799
40,700111
42,562166
30,655071
61,432383
35,149520
34,921705
25,120230
76,616582
41,655989
52,195685
31,679176
63,064424
59,927016
67,255612
39,439225
60,481492
50,131203
50,240976
35,254279
42,139749
38,681660
52,270949
29,857536
29,713316
35,282887
56,092683
44,820041
54,577441
40,322080
49,997265
50,730897
62,992837
43,802776
31,476017
44,583838
45,431435
60,176085
40,113123
54,745803
31,063670
42,085805
58,747039
32,177614
51,014114
40,531794
50,009431
32,329993
74,002384
30,629117
48,136516
71,389456
66,672835
28,949476
42,150543
49,754383
52,522380
60,927667
33,909199
45,385948
53,269049
45,045808
33,438224
51,608745
51,397593
60,176085
48,516625
63,567142
57,328670
57,342064
32,150776
36,528350
41,442233
52,661029
53,625996
48,540452
41,999595
50,265393
41,271780
47,160333
58,910695
42,987531
63,653605
52,333728
48,886857
49,355439
37,854091
35,848796
46,232633
79,329287
41,123036
29,925571
56,635245
36,635944
58,801555
30,499575
40,657986
45,068428
31,440777
47,888205
57,516378
45,091056
62,464874
52,837862
61,798729
61,348060
60,704291
38,488797
36,881296
48,862912
72,095484
76,846952
50,021598
45,034501
59,816553
66,167692
56,158652
68,568614
36,596794
56,621968
41,261143
46,834170
63,624775
72,363488
50,228771
51,484464
41,870512
51,683414
42,616535
54,010300
60,969615
50,927800
43,636659
67,031043
51,795560
53,971783
80,907189
49,524413
36,508811
45,830809
32,862711
62,764144
42,801752
46,106081
43,980455
55,776788
30,551347
42,856335
70,781536
58,665331
66,419924
28,824883
41,367600
59,596056
64,391898
50,338694
52,547570
49,415741
54,293350
68,629415
68,144079
39,305398
48,350070
56,781436
62,764144
47,523294
40,816112
28,330205
56,132258
43,869347
36,508811
39,028460
49,924313
47,770278
74,355816
59,280097
48,874883
43,272750
46,451795
65,312227
37,019190
57,812220
47,452891
62,436425
65,827515
55,579990
50,363144
58,978980
51,014114
58,190294
50,522273
45,057117
54,228929
55,083622
55,488318
45,249677
72,221516
45,340492
59,664900
54,953519
87,261869
32,944504
64,000288
63,740151
39,594034
59,060996
43,980455
55,501408
55,083622
46,083098
49,186870
84,270264
37,924252
57,315279
46,834170
59,225268
67,992911
50,350918
52,333728
58,733415
61,897623
41,346293
36,013016
43,064191
45,249677
32,231338
52,095451
52,850509
47,464620
48,827009
52,623190
30,967705
22,155319
29,275156
59,280097
55,409827
46,186586
49,042703
55,737389
34,337927
51,422403
45,329133
38,509067
57,637275
71,295690
65,842279
39,028460
41,420900
70,130959
55,083622
53,817907
43,075150
40,985251
51,658516
50,755481
58,109132
43,991577
53,421821
56,515831
43,195831
49,742261
35,007015
36,420975
52,724136
38,084959
65,400359
48,089149
49,815026
42,247781
56,211467
39,832230
38,824199
40,584341
42,889107
61,207703
46,014196
58,910695
62,992837
59,830353
58,638112
41,080606
29,798093
50,204367
32,240298
38,905814
42,812665
59,376133
43,261756
49,198897
45,876608
37,634174
41,634579
60,203804
52,661029
51,932859
68,371277
38,580069
45,568088
40,985251
36,274909
50,363144
59,348683
50,767776
50,338694
49,924313
40,921767
39,832230
43,327751
47,829216
46,347891
50,681755
53,307214
40,311614
35,292427
47,078644
50,277605
65,812753
44,673717
56,994551
48,350070
26,802328
32,826404
55,632422
47,558522
34,188381
53,574901
31,423167
66,866696
58,515740
48,112828
38,468535
52,195685
50,915478
47,242122
51,472048
40,426842
60,106826
57,181488
34,394124
39,161630
33,622376
57,785281
42,258594
40,594856
61,855226
36,861626
57,141394
52,245853
65,444456
56,887923
60,467586
47,370847
61,968330
53,715495
46,140571
26,660591
28,133983
45,590891
74,339725
41,399574
44,966699
43,042278
37,425084
25,967351
25,951916
51,224159
59,513518
56,874605
69,193624
57,288503
50,131203
53,741085
33,899920
48,445195
42,421034
47,511555
55,383681
41,935019
47,900009
51,957850
28,297436
56,356888
65,768480
41,666697
49,900013
65,473866
39,552710
45,249677
62,479102
54,486935
46,037155
36,812482
43,228784
53,677125
53,053148
49,693792
49,633253
54,293350
60,009958
49,343385
52,396559
47,172011
48,112828
46,694871
67,947607
49,924313
49,500249
32,582057
54,203176
40,374437
70,517695
41,261143
43,426876
37,654130
28,412242
56,635245
54,940520
53,498323
56,515831
47,935433
26,699911
54,486935
69,423290
56,026768
41,197361
34,356652
67,525797
60,732181
56,079495
43,559288
57,021230
45,397317
46,660091
31,608409
43,658782
40,196615
38,712173
54,655101
29,317092
55,868794
63,538339
62,223346
71,671277
66,538856
43,031325
60,106826
43,924876
61,179658
35,168551
42,627415
47,605522
45,670766
52,901118
44,069483
52,308610
30,976420
58,556511
54,797680
68,128952
39,202669
47,218744
63,193426
41,988828
36,430728
56,079495
53,779486
41,677406
