0,341249	169,231661
0,309244	169,983462
0,533967	168,933533
0,235189	170,476021
0,578772	169,426092
0,220028	170,164931
0,329039	170,385286
0,218422	169,322395
0,238961	170,761186
0,309244	169,426092
0,324525	170,087158
0,440943	170,346400
0,545309	169,503865
0,357920	170,722300
0,645472	169,413130
0,678505	170,281589
0,796736	170,229741
0,318560	169,568675
0,241495	170,670452
0,430905	169,400168
0,993423	170,553793
0,051067	170,087158
0,142476	169,750144
0,369643	170,631566
0,306334	169,257585
0,114951	170,514907
0,121532	169,866803
0,420419	169,944575
0,308758	170,553793
1,142454	169,244623
0,364288	170,683414
0,209708	169,737182
0,353186	170,009386
1,009694	170,579717
0,138703	169,257585
0,294848	170,825997
0,360036	169,607561
0,493123	170,203817
0,488699	170,476021
0,193990	169,348320
0,188777	170,696376
0,491224	169,503865
0,442728	170,255665
0,873235	170,424172
0,197004	169,426092
0,524073	170,709338
0,823768	169,426092
0,863556	170,346400
0,568407	170,281589
0,334096	169,542751
0,247036	170,722300
0,195871	169,413130
0,397643	170,437134
0,671670	170,242703
0,449308	169,789030
0,273066	170,838959
0,196248	169,490903
0,330552	170,748224
0,321038	170,281589
0,569782	170,151969
0,106124	170,981542
0,520798	169,763106
0,322530	171,046352
0,345892	170,268627
0,346929	170,450096
0,440943	171,085238
0,134371	169,724220
0,229798	171,163011
0,466309	170,203817
0,235189	170,398248
0,406667	171,085238
0,442728	169,892727
0,210492	171,266707
0,084037	170,164931
0,719574	170,774148
0,223664	170,981542
0,396523	170,022348
0,389841	171,383366
0,466923	170,139006
0,160818	170,981542
0,625673	171,020428
0,188039	170,177893
1,332247	171,474101
0,361627	170,100120
0,192119	171,240783
0,616989	170,981542
0,127715	170,398248
0,503961	171,331518
0,178228	170,113082
0,528018	171,331518
0,147916	170,916731
0,537289	170,657490
0,425061	171,590759
0,285465	170,527869
0,516234	171,603722
1,430805	170,968580
0,250913	170,994504
0,137769	171,785191
0,276251	170,527869
0,435022	171,888887
0,244044	171,059314
1,402548	171,331518
0,694610	171,824077
0,324525	170,618603
0,195494	172,044432
0,667136	171,033390
1,254233	171,577797
0,731453	171,785191
0,381579	170,787110
0,437977	172,174053
0,684614	170,942655
0,361627	171,824077
0,440943	171,953698
0,511692	171,007466
0,249185	172,368484
0,552045	171,046352
0,435022	172,031470
0,418109	171,979622
1,046633	171,266707
0,406667	172,459219
0,663371	171,085238
0,190259	172,342560
0,606231	171,940736
0,115233	171,500025
0,478674	172,536991
0,778457	171,033390
0,923495	172,446257
0,599829	171,875925
0,357920	171,720380
0,559510	172,549953
0,566346	171,188935
0,603381	172,562916
0,511692	171,798153
0,458371	171,927774
1,720449	172,575878
0,387628	171,240783
0,273519	172,679574
0,240649	171,694456
0,531980	172,135167
0,860053	172,588840
0,323526	171,150049
0,165594	172,809195
0,191002	171,694456
1,255328	172,381446
1,799671	172,666612
0,270352	171,668532
0,244896	173,055475
0,572540	171,824077
0,798410	172,977702
0,498843	172,809195
0,083799	171,940736
0,628584	173,198058
0,195871	171,914812
0,216026	172,951778
0,076379	172,770309
0,134371	172,225901
0,353186	173,198058
0,483671	171,992584
0,169400	173,159171
0,250048	172,796233
0,335113	172,485143
0,204651	173,392489
0,624221	171,992584
0,442132	173,340640
0,440943	172,640688
0,673944	172,666612
0,139328	173,457299
0,328536	172,031470
0,493756	173,522110
0,375584	172,575878
0,419841	172,899930
0,404401	173,418413
0,567033	172,148129
0,087161	173,586920
0,807654	172,485143
0,539287	173,107323
0,826329	173,418413
0,661118	172,303674
0,632233	173,612844
0,562922	172,524029
0,158123	173,366565
0,659619	173,457299
0,786735	172,511067
1,188536	173,807275
1,140385	172,601802
0,484298	173,573958
0,626400	173,522110
0,573922	172,783271
0,951104	173,936896
0,130718	172,640688
0,758800	173,729503
0,977307	173,470261
0,539287	173,029550
0,433255	174,014669
0,176086	172,718461
0,752312	173,898010
0,732249	173,535072
0,113267	173,353603
0,242343	174,144290
1,231378	172,588840
1,723099	174,144290
0,471850	173,340640
0,130114	173,560996
0,556789	174,247986
0,327028	172,899930
0,281759	174,273910
1,229214	173,236944
0,428562	173,846162
0,882088	174,183176
0,859178	172,977702
0,157788	174,377607
0,656626	173,185095
0,377758	173,846162
0,544638	174,144290
0,976364	173,068437
2,781881	174,455380
0,707027	173,262868
0,864433	174,118365
1,216280	174,144290
0,395964	173,314716
1,469012	174,507228
0,907159	173,327678
1,443870	174,416493
0,937239	174,196138
0,716425	173,599882
1,077353	174,753507
0,726687	173,366565
0,298173	174,468342
0,307302	174,183176
0,532642	173,872086
0,330047	174,714621
0,184371	173,444337
0,873235	174,714621
1,305181	174,118365
2,149286	174,364645
0,331057	174,870166
0,529996	173,560996
1,322058	174,999787
0,206200	174,105403
0,816112	174,442417
0,292015	174,934977
0,336131	173,677655
0,345375	175,116446
6,955530	174,079479
1,137286	174,649811
0,982031	175,025711
2,648607	173,898010
0,818659	176,140450
0,083799	174,170214
0,633696	174,857204
1,569708	174,973863
0,381032	174,040593
1,161174	175,310877
1,582265	173,975782
0,363755	174,986825
0,968839	174,870166
0,478051	174,144290
0,758800	175,375687
0,520145	173,988745
1,228133	175,142370
0,420998	174,533152
1,093415	174,390569
2,216699	175,414574
1,538580	174,001707
1,220582	175,323839
1,629255	174,727583
5,786904	174,649811
0,458979	175,492346
1,526234	173,988745
2,871795	175,557157
1,499285	174,766469
1,084363	175,012749
5,643522	175,673815
1,155956	174,403531
0,962283	175,803436
0,934481	174,818318
0,283608	175,336801
1,373473	175,738626
2,846439	174,520190
0,289666	175,997867
2,815839	174,740545
0,795900	175,388649
0,801764	175,764550
1,180077	174,740545
0,689217	176,010829
4,005274	174,805356
1,053524	175,842322
1,033907	175,596043
1,137286	174,960901
0,496296	176,231185
0,567033	174,934977
2,824817	175,984905
0,381032	175,790474
1,316418	175,103484
0,493123	176,257109
0,219224	174,934977
0,847855	176,101564
0,551370	175,712702
0,442132	175,336801
2,071261	176,295995
8,041209	174,805356
0,607659	176,218223
1,832521	175,621967
0,624947	175,609005
0,227333	177,242227
1,135222	175,064597
2,029980	176,503389
0,604805	175,583081
0,411223	175,997867
0,828895	176,477464
0,349528	175,207180
1,365397	177,177417
1,984868	175,557157
1,083360	176,192299
0,966026	176,464502
1,079353	175,414574
2,152323	176,697820
1,749736	175,544194
0,658121	176,386730
0,667136	176,529313
2,104055	175,596043
1,723099	176,957062
1,187477	175,609005
1,777973	176,620047
0,231036	176,581161
0,437385	175,842322
1,023212	177,034834
1,711194	175,673815
0,961348	176,905213
0,407803	176,503389
0,552722	176,088602
1,169553	176,931137
1,645963	175,660853
0,782590	176,982986
1,737719	176,373768
1,235712	176,270071
0,315602	177,151493
1,305181	175,764550
2,196648	177,216303
4,654059	176,425616
2,257139	176,633009
4,691112	177,268152
0,546653	175,946019
3,185196	178,045877
1,023212	176,347844
1,802395	176,840403
0,761241	177,255190
1,287322	176,023792
4,173162	177,242227
0,665629	176,244147
0,537954	177,047796
5,450485	177,203341
2,592001	176,166374
0,960414	177,527393
1,453417	176,257109
3,257402	177,332962
2,213607	177,151493
0,991519	176,321919
1,286211	177,592204
1,117774	176,205261
9,309546	177,657014
5,535438	177,112607
3,953982	176,581161
2,285400	177,708862
2,438174	176,283033
2,321827	177,657014
4,147928	177,242227
1,491985	176,995948
2,098069	177,864407
2,534471	176,503389
4,210039	177,877370
5,358280	177,203341
8,314549	177,242227
1,563452	177,994028
1,256423	176,620047
13,130845	178,032915
1,332247	177,112607
1,679691	177,462583
1,190657	177,994028
1,822903	176,671896
3,894303	178,188460
3,667651	177,086682
3,144665	177,682938
4,551308	177,877370
1,638239	176,957062
2,564828	178,395853
5,035703	176,671896
1,096443	177,994028
3,004425	178,123649
0,853941	177,190379
9,913569	178,512512
1,605021	177,112607
2,029980	178,214384
0,923495	178,097725
1,046633	177,423697
2,527756	178,603246
8,890644	177,190379
1,966135	178,408815
3,521293	178,175498
3,235829	177,669976
1,210915	178,693981
5,640734	177,320000
4,077337	178,655095
1,853237	178,058839
6,740578	177,968104
6,071909	178,810640
2,080174	177,436659
3,467886	178,823602
1,587305	177,981066
1,342482	178,201422
1,347047	178,888412
5,637947	177,527393
2,374716	178,979147
9,251672	177,968104
2,198187	178,447701
2,257139	178,901374
6,699983	177,734787
1,396703	179,186540
1,434361	178,006990
1,170603	178,758791
5,048671	178,940261
1,792873	177,929218
3,220196	179,238388
1,257519	178,058839
0,360036	179,030995
2,331389	178,953223
2,068296	178,162535
3,537829	179,406896
3,008163	178,045877
1,409580	179,160616
1,511498	178,953223
2,697235	178,356967
4,109121	179,484668
3,459715	178,058839
0,883865	179,056919
1,164312	178,849526
0,837482	178,629170
0,875885	179,471706
2,135655	178,045877
1,332247	179,419858
5,775574	178,642133
2,524402	178,758791
1,888080	179,549479
3,627553	178,201422
1,979093	179,601327
1,112673	178,681019
2,893641	178,823602
5,275092	179,549479
6,341759	178,279194
16,797230	179,730948
1,018372	178,642133
2,751716	179,264313
4,793351	179,536516
5,981711	178,395853
4,676268	179,860569
1,395536	178,629170
6,508563	179,497630
3,525422	179,549479
3,478116	178,745829
1,279555	179,847607
1,694085	178,551398
3,360605	179,497630
2,614210	179,523554
9,793151	178,771753
2,781881	180,016114
9,167222	178,642133
4,435665	179,756872
10,235352	179,523554
3,496579	179,134692
2,648607	180,197583
6,359820	178,836564
4,219291	180,106848
5,491486	179,523554
9,881363	179,342085
5,066863	180,353128
1,747061	178,836564
6,453663	180,327204
3,269207	179,484668
4,129637	179,821682
1,287322	180,456825
5,852328	179,082843
1,976209	180,508673
11,848497	179,497630
9,917600	180,029076
5,142676	180,430900
3,167786	179,212464
3,326643	180,664218
4,474002	179,445782
6,311733	180,197583
6,597649	180,443862
4,955777	179,432820
2,502671	180,806801
9,144278	179,186540
5,660270	180,482749
8,984734	180,443862
7,038883	179,692061
5,398834	180,962346
5,147931	179,627251
3,722975	180,754953
3,978461	180,521635
4,191575	179,925379
10,409209	181,104929
8,924441	179,679099
8,819571	180,975308
19,350389	180,482749
14,832720	180,249431
7,253388	181,182701
10,572391	179,769834
18,049220	181,117891
7,815111	180,417938
16,085011	180,482749
16,297614	181,234550
13,838159	179,925379
6,396040	181,299360
12,603544	180,404976
3,212397	180,651256
6,447582	181,312322
4,310174	180,055000
7,096968	181,506754
5,066863	180,392014
5,328666	180,962346
13,203874	181,351209
12,485712	180,236469
8,282290	181,636374
9,461134	180,443862
5,840916	181,208626
7,953748	181,312322
6,709337	180,430900
5,599017	181,701185
5,325979	180,392014
1,633101	181,454905
2,812252	181,351209
9,645972	180,690142
11,356397	181,882654
6,971509	180,495711
3,577300	181,675261
6,665758	181,273436
16,774299	180,897535
7,495563	181,882654
7,753244	180,469787
21,948286	181,804882
8,200225	181,221588
8,524420	181,182701
10,079721	181,986351
15,819147	180,560521
1,759117	181,999313
9,805149	181,247512
2,325012	181,454905
5,190097	182,141896
6,523867	180,741990
6,362833	182,271517
9,653890	181,221588
11,431542	181,649337
6,514682	182,180782
1,828395	180,988270
7,908515	182,452986
3,619147	181,104929
13,404874	181,895616
3,867964	182,154858
9,151922	181,143815
12,745921	182,504834
15,742166	181,221588
6,554544	182,154858
25,851746	182,154858
10,079721	181,895616
3,015647	182,608531
7,715595	181,299360
19,911381	182,388176
13,130845	182,180782
8,271555	181,623412
12,168937	182,686304
19,180446	181,299360
5,699474	182,595569
13,923907	182,167820
7,835804	181,765995
7,908515	182,841849
8,789758	181,454905
8,656420	182,815924
11,264026	181,960427
31,264987	182,038199
14,864386	182,828886
4,075073	181,467867
5,713517	182,919621
3,556491	181,869692
4,373817	182,323365
11,803185	182,815924
5,875196	181,597488
13,242934	183,101090
9,087085	181,882654
14,806367	182,621493
9,713412	182,790000
8,722921	181,740071
20,306680	183,152939
7,145610	181,817844
17,453839	182,725190
8,400975	182,751114
10,522002	181,843768
12,490411	183,178863
15,167486	181,804882
15,885333	182,906659
12,542179	182,802962
8,200225	182,154858
9,267082	183,399218
8,314549	182,012275
14,769525	183,321446
14,030322	182,828886
16,001608	182,491872
11,264026	183,541801
5,288453	182,128934
7,035665	183,476991
6,115867	182,867773
7,556078	182,802962
31,124845	183,567725
13,213632	182,206706
20,098650	183,645498
7,901572	182,712228
7,462081	183,010356
10,724520	183,619574
16,871903	182,180782
11,329954	183,749195
10,813929	182,712228
13,627833	183,243673
19,111501	183,658460
7,045321	182,478910
3,427153	183,917702
8,203781	182,725190
26,021421	183,476991
13,038731	183,710308
5,390708	182,699266
10,186034	184,086209
6,765639	182,777038
17,536379	183,775119
14,743247	183,684384
6,095328	182,906659
14,404489	184,163982
7,932850	182,777038
16,062742	183,917702
15,791625	183,632536
20,470220	183,152939
11,154714	184,267678
7,603366	182,984432
11,848497	184,125095
10,792597	183,593650
13,014563	183,373294
15,119354	184,306565
21,687946	182,984432
11,676926	184,345451
20,470220	183,580688
12,698343	183,593650
13,311475	184,449148
34,076518	183,075166
7,306023	184,552844
17,636961	183,632536
19,866357	183,956588
28,322011	184,449148
23,962011	183,204787
18,504686	184,799124
9,729325	183,489953
16,146361	184,163982
13,883511	184,488034
13,682710	183,347370
10,754268	184,734313
13,637799	183,451067
13,424593	184,371375
12,532756	184,410261
21,032967	183,528839
21,126655	184,863934
16,854651	183,373294
7,681472	184,565806
13,697702	184,384337
12,118204	183,710308
12,040076	184,928745
20,027477	183,515877
19,821402	184,760238
10,530389	184,462110
33,172446	184,073247
26,637019	185,097252
9,602500	183,671422
10,534584	185,460190
21,321628	184,371375
12,196669	184,332489
10,580805	185,123176
6,653341	183,749195
23,577000	185,162062
20,040405	184,267678
17,126310	184,578768
10,145057	185,175025
22,024044	183,852891
20,859728	185,330570
19,840660	184,306565
11,912129	184,799124
21,975814	185,175025
21,735744	184,008437
9,877342	185,421304
19,236980	184,241754
14,586239	185,006517
23,325083	185,187987
25,105143	184,189906
8,509836	185,512039
18,358098	184,202868
18,133656	185,149100
18,868420	185,136138
29,544261	184,358413
23,845331	185,615736
28,346600	184,176944
16,762841	185,343532
21,099858	185,019479
25,233580	184,539882
22,566369	185,641660
22,749152	184,189906
10,522002	185,226873
10,614505	184,915783
13,553239	184,799124
10,272444	185,913864
27,857608	184,267678
25,713487	185,680546
22,183023	184,838010
24,462269	185,213911
20,952889	185,758319
21,551776	184,436185
7,964210	185,926826
16,785762	184,980593
24,647972	185,356494
21,281189	185,849053
19,834239	184,682465
11,163433	186,108295
12,345288	184,954669
13,707702	185,330570
24,581008	185,952750
19,943584	184,876896
28,264694	186,237916
25,256292	185,123176
14,581025	185,874977
5,767086	185,978674
26,355266	185,097252
17,935055	186,808248
15,425934	185,006517
19,445242	186,095333
15,409695	185,900902
10,644050	185,291683
19,731700	186,484196
21,790459	185,045404
19,674180	186,328650
21,026286	185,874977
4,041204	185,563887
33,254771	186,639741
16,574551	185,200949
15,518175	186,769362
15,885333	185,887939
16,029376	185,862015
17,137935	186,691589
17,045083	185,265759
22,391564	186,704551
18,224420	185,952750
20,568773	186,056447
26,778669	186,678627
18,327659	185,395380
24,834640	186,834172
15,857733	185,719432
15,071325	186,302726
19,073966	186,678627
21,742579	185,550925
16,614371	187,015641
21,913909	185,771281
18,025144	186,419385
8,048233	186,769362
30,499575	185,797205
27,127104	186,873058
13,898650	185,926826
16,029376	186,860096
37,078397	186,808248
29,300312	186,043485
28,387614	187,210073
26,558548	185,862015
28,858071	186,976755
9,064275	186,730475
21,443261	186,199030
28,750305	187,300807
16,717063	185,797205
31,476017	187,197111
24,351308	186,613816
19,023998	186,393461
19,419917	187,326731
26,865487	185,887939
19,407263	187,313769
31,142339	186,549006
29,874535	186,600854
19,495960	187,352656
20,137545	185,978674
31,981157	187,456352
29,993714	186,406423
12,879773	186,834172
34,253751	187,313769
25,241149	186,082371
21,804152	187,573011
28,486215	186,419385
14,301319	187,145262
16,258309	187,391542
27,663649	186,341613
33,053780	187,741518
29,183043	186,419385
20,760226	187,430428
17,971054	187,404504
19,635897	186,600854
26,036884	188,039646
31,177347	186,497158
23,794406	187,573011
20,753604	187,443390
19,451577	186,937869
26,810217	188,052609
26,409890	186,574930
20,919585	187,897063
29,696380	187,391542
30,941568	187,093414
35,608241	188,117419
19,337765	186,665665
29,107827	188,169267
21,831556	187,365618
28,941158	187,378580
12,448161	188,143343
23,046553	186,795286
28,436885	188,285926
18,230482	187,287845
24,432646	188,078533
26,527204	188,169267
29,199776	186,847134
25,913358	188,311850
26,644875	187,145262
13,399947	187,702632
43,515119	188,104457
42,215351	186,924907
25,286597	188,609978
26,786554	187,171186
27,510760	187,922988
35,082968	188,091495
36,401476	187,145262
18,352008	188,493320
30,837174	187,171186
32,285124	188,195192
32,437855	188,104457
30,010766	187,417466
22,044736	188,558130
28,932842	187,235997
35,063969	188,506282
23,983932	188,130381
22,890442	187,741518
46,787705	188,934031
24,566144	187,352656
16,112878	188,791448
22,847993	188,156305
28,999417	188,052609
14,570600	188,921069
40,405874	187,547087
25,867139	188,985879
27,158934	188,143343
24,410444	188,298888
31,107358	188,998841
35,771696	187,637822
28,725475	189,089576
15,409695	188,078533
34,808183	188,506282
35,349702	189,011803
35,704328	187,793367
23,289246	189,219197
26,238476	188,104457
39,769996	188,817372
25,150422	189,050690
27,262558	187,987798
39,439225	189,400666
25,007229	188,143343
39,069402	189,076614
27,326462	189,063652
37,774019	188,182229
33,502597	189,543249
31,098617	188,130381
22,134556	189,296969
37,088271	189,011803
23,039442	188,428509
32,853632	190,580217
17,512769	188,143343
22,044736	189,452514
30,950279	188,972917
38,997773	188,661827
26,897106	189,685832
31,502465	188,208154
35,733189	189,595097
31,626091	188,869220
30,241627	188,934031
33,502597	189,737680
33,135902	188,298888
28,552080	189,750643
31,714601	188,778486
20,813253	189,050690
39,069402	189,685832
31,821038	188,376661
32,419860	189,893226
34,225725	188,687751
33,585489	189,322894
28,907904	189,685832
23,310744	188,584054
19,731700	189,970998
18,812624	188,674789
39,967303	189,245121
16,768569	189,659908
29,049418	188,687751
21,490691	190,087657
23,282083	188,752562
22,398539	189,828415
29,275156	189,711756
24,954615	188,985879
42,291047	190,269126
37,375420	188,843296
39,130871	190,022847
23,736298	189,737680
35,120987	189,271045
36,743759	190,398747
38,559774	188,946993
18,930547	190,320975
34,855453	189,776567
34,478538	189,646946
42,388511	190,515406
29,942597	189,115500
33,401477	190,554292
46,683276	189,672870
27,390469	189,867301
26,091054	190,502444
40,974665	189,141424
19,661414	190,606141
25,408065	189,595097
21,234076	190,022847
38,834394	190,541330
15,890857	189,245121
27,558977	190,683913
27,031769	189,530287
27,728199	190,230240
21,099858	190,476520
27,414498	189,387704
34,676064	190,813534
20,614875	189,478439
29,840544	190,450596
32,853632	190,411709
39,470153	189,543249
18,565997	190,878345
32,285124	189,452514
23,512045	190,606141
18,121577	190,398747
28,028089	189,724718
55,383681	191,085738
28,240154	189,685832
24,152450	190,982041
27,881919	190,645027
26,723521	190,230240
47,020355	191,267207
29,426318	189,841377
38,997773	191,254245
46,255669	190,528368
32,735758	190,515406
31,133591	191,539411
25,552828	189,945074
18,862215	191,357942
42,529568	190,424671
34,104460	190,670951
29,942597	191,267207
27,865710	189,996922
30,707025	191,202397
31,396766	190,320975
30,715689	190,917231
21,234076	191,163511
16,912205	190,165430
35,216160	191,630146
40,384914	190,308013
37,824050	191,176473
22,643577	191,293132
31,449584	190,308013
36,763385	191,694957
37,058654	190,269126
14,409661	191,422753
29,066098	191,254245
34,544293	190,515406
14,456262	191,876426
18,127616	190,372823
28,949476	191,474601
33,072017	191,267207
28,642815	190,813534
28,982764	191,915312
28,191118	190,541330
26,849688	191,876426
21,667484	191,280170
33,364759	191,150549
24,543860	192,044933
15,846702	190,657989
35,445305	192,031971
23,096377	191,293132
32,672409	191,370904
24,812189	192,083819
36,003341	190,774648
27,406487	192,083819
22,335823	191,137587
29,849039	191,565336
27,055581	192,122706
29,066098	190,839458
16,831667	192,265289
29,637159	191,176473
27,623359	191,967161
14,368323	192,109744
29,510530	191,072776
13,213632	192,459720
21,382386	191,098700
23,816222	191,876426
16,981445	192,006047
26,992114	191,137587
26,145301	192,511568
18,188078	190,943155
26,535037	192,187516
17,050876	192,057895
25,967351	191,332018
12,851012	192,563417
23,082134	191,046852
21,804152	192,589341
18,067291	191,837540
27,158934	191,694957
19,255850	192,589341
28,700660	191,202397
32,410866	192,628227
25,453719	191,889388
25,339690	191,967161
18,188078	192,757848
24,240694	191,370904
27,310476	192,615265
15,676383	191,889388
30,190219	192,239365
18,145740	192,848583
13,617871	191,565336
31,396766	193,055976
10,784072	191,902350
21,687946	192,563417
34,808183	192,874507
18,961663	191,746805
19,011520	193,224484
20,215488	191,928274
28,028089	192,757848
24,647972	192,861545
23,196247	191,889388
21,968929	193,250408
14,244788	191,824577
33,245617	192,913393
21,227351	192,809697
13,923907	192,122706
31,998983	193,289294
21,422956	191,980123
22,328862	193,250408
22,106892	192,835621
22,770308	192,394910
8,920681	193,509650
25,067453	191,902350
16,314479	193,380029
14,466631	192,770810
19,680566	192,654152
13,833126	193,522612
9,519868	192,109744
32,473864	193,522612
37,098147	192,615265
29,832050	192,900431
24,145106	193,522612
27,971182	191,941236
23,011010	193,717043
16,699918	192,589341
21,647034	192,913393
29,518960	193,626309
19,186722	192,394910
27,190789	193,872588
15,071325	192,550455
18,007102	193,431877
31,326436	193,626309
32,365919	192,744886
12,410687	193,963323
25,233580	192,589341
23,082134	193,626309
8,506192	193,548536
15,676383	192,706000
10,417536	193,989247
5,615680	192,680076
28,191118	193,755930
23,046553	193,496688
23,874465	192,848583
16,062742	194,028134
23,656557	192,602303
16,191077	193,691119
27,712051	193,431877
14,383816	193,120787
10,346894	194,144792
14,270465	192,718962
21,026286	194,028134
28,568562	193,380029
17,033501	193,237446
28,916215	194,196641
25,698156	192,848583
18,818818	194,352186
10,912421	193,367067
12,798394	193,665195
16,393337	194,287375
20,411243	192,939318
15,627168	194,481807
26,818108	193,470763
14,864386	194,118868
33,099386	194,339224
27,230645	193,237446
16,124034	194,663276
19,540412	193,392991
14,669836	194,274413
13,974513	194,365148
19,757301	193,418915
22,517330	194,779935
13,228278	193,431877
10,251826	194,533655
20,163503	194,313300
23,925507	193,600384
26,770786	194,779935
7,315920	193,354105
21,039650	194,559580
19,017758	194,170717
6,987512	193,742967
9,309546	194,805859
17,074063	193,328180
11,632052	194,676238
6,545331	194,054058
28,982764	194,611428
17,248642	194,844746
11,953156	193,418915
22,294079	194,870670
22,196885	193,963323
21,187034	194,235527
23,325083	194,909556
12,513924	193,626309
12,012582	195,091025
13,928962	193,976285
23,146275	194,494769
15,301727	194,974367
12,707849	193,755930
20,932902	195,311381
5,116452	194,054058
10,446717	194,883632
16,871903	195,129912
8,411820	194,079982
8,815841	195,544699
15,665438	194,183679
22,169168	195,142874
11,193985	195,091025
15,940631	194,248489
9,781163	195,583585
10,852399	194,144792
14,806367	195,298419
16,495104	195,065101
14,477005	194,494769
9,937770	195,661358
9,849225	194,248489
21,838411	195,816903
6,371878	194,987329
14,096471	194,741049
6,834869	195,726168
17,389172	194,300338
11,560493	195,739130
24,640526	194,974367
11,498121	195,065101
17,424425	195,829865
22,099980	194,520693
11,054773	195,881713
23,671042	194,883632
14,420008	195,259533
11,944031	195,765054
20,489905	194,455883
4,296111	195,933562
10,580805	194,728087
17,097271	195,389154
14,076095	195,700244
9,383194	194,572542
12,518630	196,037258
16,241483	194,676238
11,948593	195,557661
12,224444	195,687282
5,691058	194,728087
18,151784	196,102069
18,806431	194,689200
17,418546	195,803941
19,937141	195,622471
9,559158	194,909556
19,770110	196,244652
10,673650	194,844746
4,050218	196,089107
4,798375	195,752092
15,742166	195,389154
22,245446	196,452046
19,898510	195,000291
12,159702	196,374273
22,890442	195,700244
34,450384	195,842827
9,962010	196,529818
14,706510	195,116950
10,852399	196,490932
15,463871	195,648396
7,325826	195,933562
15,409695	196,607591
13,004904	195,285457
12,429415	196,776098
22,545343	195,674320
9,797149	196,063183
7,478810	196,685363
7,835804	195,466926
13,096858	196,944605
5,767086	195,700244
14,342528	196,477970
10,351041	196,685363
15,764135	195,648396
11,994276	197,022378
4,517383	195,920600
7,967699	196,763136
16,124034	196,685363
6,127624	195,842827
5,502453	197,177923
17,636961	195,713206
7,832353	196,840909
17,459726	196,607591
13,752767	196,024296
7,415370	197,203847
5,699474	195,726168
2,277527	197,022378
5,472327	196,439084
6,393017	196,270576
22,363682	197,255696
17,500973	195,752092
5,852328	197,035340
8,386530	196,322425
11,930352	196,542780
9,026340	197,216809
6,668865	195,816903
2,660713	197,346430
8,235839	196,244652
12,438786	196,698325
4,705986	197,229771
16,135194	195,972448
10,346894	197,501975
6,136451	196,309463
5,315240	196,996454
13,189247	197,333468
14,183289	196,270576
9,781163	197,644559
9,267082	196,400197
7,766964	197,190885
11,776053	197,359392
5,423261	196,400197
7,100204	197,929725
4,016480	196,322425
7,135864	197,294582
5,280434	197,203847
6,901380	196,516856
16,040493	197,787142
8,325320	196,477970
3,768042	197,553824
5,499710	197,113113
7,022803	196,814984
5,272423	197,800104
19,534057	196,322425
10,758523	197,735293
5,895253	197,087188
14,780045	196,996454
2,244648	197,851952
3,173582	196,089107
13,155158	197,877876
12,693592	196,802022
12,067612	197,333468
4,738316	198,020459
3,654958	196,750174
5,301836	198,318588
10,711788	197,190885
16,642854	197,748255
5,066863	198,163043
6,984310	196,944605
2,467812	198,448209
5,978816	197,164961
4,607395	197,994535
3,392768	198,111194
1,098464	197,100150
7,529143	198,564868
2,857289	197,151999
12,090591	198,150080
16,263920	198,059346
1,772573	197,242734
2,985780	198,577830
2,028515	197,164961
15,957245	198,422284
5,350193	198,046384
4,011995	197,527900
4,109121	198,668564
18,676706	197,229771
13,316380	198,500057
9,685605	197,994535
5,475062	197,722331
3,635972	198,707451
4,573203	197,320506
1,494416	198,681526
5,275092	197,890838
9,328890	198,007497
2,395754	198,694489
4,486025	197,307544
3,465842	198,798185
2,991366	197,826028
6,462792	198,188967
4,442838	198,746337
8,225144	197,151999
2,716489	198,940768
8,278711	197,761217
8,300201	198,396360
3,780981	198,707451
3,140822	197,592710
1,617748	199,031503
4,221606	197,696407
2,499338	198,590792
7,971190	198,642640
4,843737	197,722331
7,505627	199,096314
3,633866	197,800104
3,435275	198,824110
3,552339	198,642640
4,235513	197,968611
0,945544	199,225935
5,849474	197,851952
3,154286	199,200010
2,120571	198,759299
0,601248	198,370436
14,633223	199,368518
9,263228	197,696407
4,131921	199,420366
2,096574	198,707451
15,824656	198,577830
10,280698	199,588873
0,933562	198,163043
13,642785	199,601835
1,979093	198,811147
7,152112	198,927806
7,236990	199,575911
2,149286	198,201929
3,231916	199,731456
10,186034	198,603754
5,245775	199,083352
3,602371	199,575911
6,060221	198,292663
4,369082	200,327713
4,050218	198,629678
1,986314	199,303707
10,173730	199,537025
2,025587	198,500057
2,250888	199,887002
0,935400	198,564868
1,465404	199,498139
3,066470	199,459252
8,973408	198,668564
1,336790	201,001742
4,517383	198,525981
3,883315	199,770343
2,074229	199,329631
4,378555	198,953731
1,476243	200,198092
2,514358	199,031503
2,199726	199,977736
4,705986	199,459252
2,293288	199,187048
2,195111	200,236978
6,687524	198,837072
5,679850	200,224016
1,104540	199,433328
1,197032	199,537025
3,494525	200,288827
4,705986	198,914844
0,494391	200,353637
2,283824	199,316669
1,661478	199,537025
2,709478	200,288827
2,848246	199,005579
5,549220	200,418448
4,223922	199,251859
1,333382	200,003661
8,368496	200,236978
2,734067	199,109276
3,558569	200,586955
5,043482	199,277783
0,754741	200,211054
6,961919	200,211054
1,289546	199,394442
4,223922	200,729538
2,487694	199,342594
1,483496	200,483258
2,586892	200,314751
1,000104	199,653684
9,500263	200,898045
2,588595	199,575911
0,886535	200,742500
1,705918	200,288827
1,838032	199,770343
1,032932	201,001742
3,421069	199,549987
1,445062	200,975818
3,068362	200,262903
3,013775	200,211054
2,755254	201,053591
2,120571	199,562949
1,380417	201,105439
0,423317	200,081433
0,705468	200,483258
3,714429	201,092477
0,685380	199,744419
10,079721	201,273946
0,395964	200,146244
0,958548	200,755462
3,585645	201,053591
2,169070	199,899964
0,980140	201,377643
0,550694	200,120319
0,451112	200,962856
2,906432	201,118401
0,611238	200,081433
1,936104	201,507264
1,442680	200,081433
0,581555	201,131363
2,141707	201,066553
1,872700	200,301789
0,465083	201,623923
1,179022	200,172168
1,806485	201,429492
1,423709	201,079515
0,781762	200,561031
0,859178	201,740582
1,652417	199,796267
1,052538	201,585037
0,412366	200,962856
1,539818	200,807311
0,725895	201,740582
2,526079	200,340675
1,883877	201,766506
2,875429	201,053591
0,959481	201,053591
0,408941	201,792430
1,687533	200,535107
1,558458	201,909089
0,283145	200,846197
1,980536	201,351719
2,868164	201,870203
1,940377	200,599917
0,919850	202,103521
1,979093	200,859159
0,889209	201,572075
0,440943	201,831317
0,601248	200,703614
3,062687	202,168331
1,360796	200,794349
1,775271	201,727620
3,936239	201,753544
1,383897	200,936932
2,676327	202,207218
1,087375	200,807311
1,555965	201,909089
1,166407	201,675772
0,471850	201,014704
0,905354	202,272028
3,417017	200,833235
1,700653	202,077597
0,657373	201,623923
1,692774	201,170250
1,233543	202,284990
3,718700	200,872121
0,875885	202,103521
0,689986	201,546151
0,307787	201,597999
1,660182	202,505346
0,346929	201,105439
1,902128	202,362763
2,848246	201,688734
1,798311	202,025748
1,926156	202,647929
0,717211	201,299871
0,077059	202,842361
0,220028	201,585037
1,265205	202,077597
0,167664	202,596081
1,117774	201,390605
0,942771	202,829399
0,524073	201,559113
0,867068	202,388687
1,192780	201,986862
1,339065	201,455416
1,712514	202,894209
0,471850	201,468378
1,739051	202,557194
2,439815	202,440536
0,550694	201,649847
1,892287	202,920133
0,666382	201,546151
0,264524	202,557194
0,168704	202,427573
0,725103	201,960938
0,685380	203,010868
0,346929	201,844279
0,226924	203,153451
0,535294	202,583119
0,525386	202,466460
2,156882	203,425655
1,463002	201,986862
3,927387	203,425655
1,058462	202,531270
0,864433	202,803474
3,635972	203,438617
7,777265	202,077597
0,870589	203,671935
1,667969	202,453498
0,906256	202,997906
0,372337	203,464542
1,159085	202,168331
1,069375	203,801556
2,347378	202,634967
0,665629	203,179375
1,094424	203,412693
2,685026	202,310914
0,303921	203,814518
0,445114	202,401649
0,460196	203,386769
1,340204	203,451579
1,069375	202,570157
0,631502	203,995988
1,591091	202,544232
0,514285	203,684897
0,414084	203,451579
0,452318	203,127527
1,477451	204,034874
0,815263	202,544232
0,606231	203,840443
0,873235	203,270110
0,137458	202,971982
0,839206	204,929259
0,462636	202,505346
3,496579	203,970064
1,430805	203,192337
0,475565	203,205300
1,719125	204,008950
1,336790	202,712740
1,297349	204,086722
0,702356	203,153451
0,800086	203,594163
2,260268	204,216344
0,668646	202,894209
0,311192	204,436699
0,548671	203,244186
0,210100	203,931177
0,757987	204,281154
0,301518	203,114565
0,346411	204,592245
1,075355	203,205300
0,342793	204,721866
0,676983	204,177457
0,249617	203,179375
0,456550	204,423737
0,213645	203,231224
0,154459	204,242268
0,745053	204,190419
2,063852	203,477504
0,427393	204,825562
0,209708	203,451579
0,347968	204,657055
0,863556	204,242268
0,458979	203,697859
0,374500	204,942221
0,658121	203,425655
0,538621	204,851487
0,888317	204,112647
0,103444	203,983026
0,453525	204,864449
0,319055	203,386769
0,562239	204,864449
0,202340	203,957101
0,523417	203,983026
0,229798	204,838524
0,580163	203,477504
1,872700	204,955183
1,513948	203,905253
0,495025	204,371889
0,744249	204,825562
0,623496	203,555276
1,786091	205,032956
0,336641	203,788594
0,294375	204,514472
1,458205	204,864449
1,342482	203,788594
0,368032	205,318122
0,815263	204,034874
0,212854	204,851487
0,683084	204,955183
0,198901	204,099685
1,378100	206,108811
0,430905	204,073760
0,247465	205,188501
1,679691	204,903335
0,640305	204,281154
0,270352	205,499592
1,368855	204,073760
0,404967	205,408857
0,229798	204,812600
1,986314	204,527434
0,619876	205,577364
0,888317	204,060798
0,474325	205,460705
0,265416	204,682979
0,410652	204,760752
0,304885	205,551440
1,213059	204,138571
0,198141	205,616251
0,536623	204,566320
0,454129	204,942221
0,413511	205,564402
0,754741	204,216344
0,447508	205,745872
0,216425	204,527434
0,463247	205,162577
1,043688	205,369971
0,744249	204,345965
0,093343	205,836606
0,635161	204,631131
0,489961	205,382933
0,224884	205,525516
0,375042	204,579282
0,703133	206,018076
0,175021	204,708903
0,285930	205,745872
0,272612	205,603289
0,393174	204,851487
0,073692	206,121773
0,828039	204,695941
0,703133	205,979190
0,515584	205,564402
0,449308	205,201463
0,890995	206,303242
0,393174	204,903335
0,188039	206,160659
0,317572	205,499592
0,271255	206,108811
0,388181	206,368053
0,621322	204,903335
0,498206	206,419901
0,580859	205,473668
0,652151	205,706985
0,179663	206,393977
0,511045	205,058880
0,276707	206,601371
0,779283	205,460705
0,143428	205,966228
0,530657	206,419901
0,298173	205,188501
0,272612	206,679143
0,732249	205,421819
0,384872	206,031038
0,273066	206,419901
0,544638	205,357009
0,181466	206,705067
0,556789	205,447743
0,474325	206,458787
0,266310	206,445825
1,292887	205,590326
0,386525	206,977272
0,283608	205,525516
0,785075	206,730992
0,594877	206,419901
0,304885	206,795802
0,217223	207,042082
0,710152	205,551440
0,096904	206,925423
0,199281	206,290280
0,201573	206,056962
0,558829	206,990234
0,147270	205,642175
0,543298	207,080969
0,847855	206,277318
0,824621	206,329166
0,157788	207,132817
0,337151	205,732910
0,785905	207,223552
0,112708	206,199545
0,742642	206,575446
0,714854	207,145779
0,824621	205,823644
0,680792	207,314286
0,290605	206,108811
0,593467	206,808764
0,505244	207,184665
1,031958	206,044000
0,289198	207,495756
0,325025	206,368053
0,596997	207,068006
0,500120	207,145779
0,242767	206,160659
0,714069	207,560566
0,457156	205,616251
0,381032	207,223552
0,484926	207,055044
0,637363	206,329166
0,638097	207,651301
0,882088	206,173621
0,344341	207,405021
1,113692	206,964310
0,423898	206,536560
0,247036	207,664263
0,395405	205,810682
0,278538	207,547604
0,805968	206,847651
